0 0.506855 0.092070 0.038633 0.065508
0 0.295654 0.789541 0.039473 0.057949
0 0.343096 0.795000 0.033574 0.052070
0 0.303633 0.626611 0.045352 0.069707
1 0.376260 0.102988 0.034434 0.053750
1 0.422451 0.095010 0.044512 0.054590
1 0.331768 0.174375 0.041152 0.047031
1 0.326309 0.267598 0.031914 0.057109
1 0.501816 0.272637 0.033594 0.048711
1 0.366611 0.370898 0.035254 0.048711
1 0.451426 0.361660 0.036953 0.055430
1 0.322109 0.445225 0.026875 0.052910
1 0.359053 0.445225 0.031895 0.068027
1 0.440508 0.439346 0.033594 0.056270
1 0.487959 0.441025 0.032754 0.052910
1 0.313711 0.538008 0.036953 0.058789
1 0.357793 0.529609 0.036094 0.045352
1 0.347295 0.626191 0.036934 0.067187
1 0.474941 0.727812 0.036953 0.057109
1 0.426230 0.807598 0.041992 0.070547
1 0.301953 0.886963 0.030234 0.066348
1 0.379199 0.895781 0.033594 0.065508
2 0.330820 0.100146 0.037305 0.053418
2 0.465859 0.092080 0.033242 0.059473
2 0.378271 0.184473 0.027988 0.051914
2 0.415596 0.173682 0.036152 0.064160
2 0.462256 0.178350 0.037324 0.073496
2 0.505986 0.162305 0.036152 0.058906
2 0.362227 0.272539 0.026250 0.050742
2 0.410049 0.264961 0.027402 0.049570
2 0.453213 0.264375 0.035566 0.056563
2 0.320244 0.357686 0.028574 0.061230
2 0.404805 0.362637 0.035586 0.064141
2 0.494619 0.365264 0.036738 0.063574
2 0.396055 0.443701 0.035586 0.061816
2 0.398105 0.537314 0.032656 0.053066
2 0.443301 0.544600 0.041406 0.053652
2 0.487031 0.529727 0.026250 0.049570
2 0.385264 0.623906 0.031504 0.057148
2 0.438340 0.612246 0.035000 0.055977
2 0.474209 0.632949 0.029746 0.069414
2 0.301289 0.700313 0.036172 0.052500
2 0.342979 0.705850 0.029746 0.060059
2 0.387598 0.720723 0.040820 0.074648
2 0.436289 0.706143 0.033242 0.052480
2 0.379141 0.809365 0.033242 0.054824
2 0.475371 0.819873 0.036758 0.072324
2 0.338027 0.898018 0.032656 0.054824
2 0.420840 0.907637 0.036172 0.056562
2 0.466914 0.923965 0.038477 0.064727
