2 0.278838 0.165361 0.028613 0.059824
2 0.391953 0.150410 0.032578 0.068945
2 0.445283 0.150381 0.033887 0.054668
2 0.392930 0.240801 0.034531 0.067617
2 0.435547 0.220645 0.035156 0.071523
2 0.270068 0.327607 0.034473 0.074785
2 0.311680 0.327285 0.033164 0.074141
2 0.393945 0.314932 0.035117 0.059824
2 0.441094 0.317861 0.038359 0.070879
2 0.268076 0.404355 0.033223 0.064375
2 0.311357 0.415088 0.032520 0.072832
2 0.397197 0.403047 0.027324 0.060469
2 0.438486 0.404668 0.034473 0.070234
2 0.267441 0.494453 0.030586 0.059922
2 0.352617 0.493115 0.033242 0.058535
2 0.431006 0.496035 0.033809 0.064375
2 0.270391 0.584805 0.036406 0.065039
2 0.305176 0.583496 0.027969 0.062422
2 0.346475 0.578623 0.033809 0.057871
2 0.259980 0.688516 0.035117 0.068281
2 0.301602 0.672920 0.031211 0.060488
2 0.342861 0.662842 0.031934 0.065020
2 0.429717 0.695352 0.037715 0.061133
2 0.388047 0.766270 0.033906 0.057148
2 0.262256 0.851094 0.035762 0.077383
2 0.380938 0.857275 0.039023 0.075449
2 0.263555 0.936934 0.037070 0.066992
2 0.431006 0.951562 0.037715 0.071523
0 0.354199 0.155645 0.028086 0.067422
0 0.276855 0.244385 0.037031 0.069082
0 0.311631 0.500439 0.032520 0.069082
0 0.394492 0.489375 0.034766 0.067734
0 0.436719 0.593906 0.029805 0.063672
0 0.389082 0.683105 0.032969 0.058711
0 0.431758 0.768223 0.037031 0.069102
1 0.386367 0.949082 0.032070 0.067734
1 0.338545 0.943740 0.032051 0.067754
1 0.300068 0.922607 0.032051 0.067754
1 0.430127 0.853242 0.032051 0.067734
1 0.338545 0.845420 0.032051 0.056426
1 0.300615 0.844023 0.032051 0.067734
1 0.346133 0.762207 0.032070 0.067734
1 0.304404 0.758408 0.032051 0.067754
1 0.259434 0.773047 0.032070 0.067734
1 0.388398 0.592578 0.032070 0.067734
1 0.348848 0.402383 0.032070 0.067734
1 0.355342 0.321094 0.032051 0.067734
1 0.350469 0.241426 0.032070 0.067734
1 0.314707 0.236553 0.032070 0.067754
1 0.314707 0.156895 0.032070 0.067734
