1 0.326758 0.153730 0.033242 0.042578
1 0.420078 0.169766 0.034414 0.058320
1 0.369629 0.256367 0.036172 0.055391
1 0.410742 0.258408 0.027422 0.064160
1 0.505215 0.244121 0.033242 0.053086
1 0.485977 0.434531 0.022734 0.058320
1 0.362227 0.435117 0.030234 0.057109
1 0.439658 0.529092 0.034277 0.062285
1 0.482344 0.530498 0.035703 0.059473
1 0.307734 0.604326 0.035000 0.060176
1 0.436162 0.628828 0.038496 0.060195
1 0.393467 0.605381 0.030098 0.052480
0 0.350078 0.519648 0.035703 0.055977
0 0.454355 0.344688 0.031484 0.062969
0 0.499844 0.344336 0.034297 0.059492
0 0.457852 0.079092 0.037109 0.062285
2 0.336074 0.084004 0.034297 0.059492
2 0.378418 0.074902 0.039180 0.059492
2 0.419707 0.071055 0.035000 0.060195
2 0.510693 0.074551 0.047598 0.062969
2 0.372119 0.145234 0.036387 0.061602
2 0.460303 0.163428 0.036387 0.046191
2 0.502988 0.163076 0.032187 0.056699
2 0.327334 0.246709 0.036387 0.055996
2 0.451553 0.260361 0.035684 0.062285
2 0.322646 0.341377 0.027441 0.050840
2 0.358975 0.347832 0.032285 0.070195
2 0.404561 0.331689 0.031465 0.049238
2 0.318223 0.423291 0.037930 0.053262
2 0.402949 0.437002 0.034687 0.064551
2 0.446523 0.432568 0.039531 0.057285
2 0.309336 0.531426 0.033086 0.061328
2 0.401338 0.522949 0.034707 0.066992
2 0.352109 0.616553 0.039531 0.062129
2 0.477998 0.627852 0.036309 0.063750
2 0.300059 0.702100 0.035508 0.062129
2 0.345254 0.702910 0.029062 0.037930
2 0.394072 0.704922 0.034707 0.067773
2 0.435225 0.715420 0.034707 0.062949
2 0.478398 0.719453 0.037109 0.061328
2 0.296426 0.779971 0.033086 0.058105
2 0.339609 0.787236 0.035508 0.053262
2 0.427969 0.806201 0.034687 0.065371
2 0.472754 0.808213 0.043594 0.067793
2 0.292793 0.875996 0.033906 0.056484
2 0.333955 0.890937 0.033887 0.063750
2 0.375107 0.893350 0.029043 0.050840
2 0.469922 0.895371 0.033086 0.062930
0 0.419492 0.890928 0.033906 0.060527
1 0.382373 0.795342 0.037129 0.069473
