0 0.330449 0.096699 0.030312 0.061836
0 0.359023 0.440781 0.032656 0.059492
0 0.397520 0.431455 0.039648 0.057168
0 0.447666 0.438164 0.037324 0.060078
0 0.380605 0.890137 0.032656 0.057734
1 0.459102 0.076758 0.030234 0.055430
1 0.364883 0.182070 0.031250 0.054414
1 0.412246 0.168965 0.035273 0.060469
1 0.456084 0.250098 0.034277 0.047383
1 0.358838 0.347354 0.031230 0.042324
1 0.313486 0.436533 0.033262 0.059473
1 0.397129 0.527236 0.031250 0.057441
1 0.394111 0.625488 0.023184 0.044336
1 0.437949 0.530254 0.036289 0.055430
1 0.350264 0.537813 0.028223 0.058438
1 0.480273 0.632549 0.034258 0.072559
1 0.389570 0.728291 0.034258 0.062480
1 0.385537 0.797822 0.028223 0.056426
1 0.429375 0.817471 0.031250 0.047363
1 0.470693 0.814443 0.037285 0.067520
1 0.298369 0.789756 0.033262 0.056426
1 0.420303 0.894561 0.037285 0.062480
2 0.372588 0.091621 0.038145 0.053320
2 0.417402 0.079033 0.039492 0.056035
2 0.493350 0.074648 0.033418 0.055352
2 0.326455 0.180957 0.029707 0.053320
2 0.454189 0.174375 0.036113 0.072578
2 0.497061 0.163740 0.032051 0.064121
2 0.323242 0.271074 0.030703 0.050625
2 0.360205 0.264482 0.029707 0.047598
2 0.404248 0.263643 0.033418 0.058066
2 0.500264 0.255039 0.041855 0.070547
2 0.315654 0.348193 0.030371 0.052988
2 0.398848 0.345996 0.035430 0.065469
2 0.445586 0.338057 0.037812 0.067168
2 0.488623 0.367598 0.035449 0.062773
2 0.485752 0.455156 0.034434 0.057070
2 0.312109 0.542588 0.034102 0.055684
2 0.488955 0.529756 0.034082 0.067168
2 0.304346 0.615820 0.036113 0.059727
2 0.353789 0.611436 0.040508 0.063105
2 0.437822 0.615488 0.037129 0.071211
2 0.295908 0.716562 0.039473 0.067500
2 0.346533 0.711338 0.036777 0.083379
2 0.431582 0.718760 0.038125 0.079316
2 0.472588 0.720107 0.037129 0.063105
2 0.343662 0.794697 0.035098 0.048262
2 0.294893 0.898984 0.031387 0.059062
2 0.338438 0.892070 0.037461 0.069531
2 0.467861 0.907432 0.041855 0.079316
