1 0.310312 0.117832 0.037070 0.069570
1 0.349922 0.121865 0.031875 0.053340
1 0.390889 0.110156 0.031855 0.057227
1 0.343096 0.210957 0.024707 0.074141
1 0.389297 0.203799 0.032578 0.055918
1 0.435107 0.197627 0.040957 0.076074
1 0.257578 0.295820 0.026680 0.064375
1 0.341475 0.296465 0.039668 0.073477
1 0.390244 0.291270 0.035762 0.059180
1 0.433838 0.293857 0.028027 0.061777
1 0.295947 0.393359 0.027949 0.068281
1 0.387314 0.378721 0.033809 0.068926
1 0.433477 0.381650 0.031211 0.063066
1 0.379512 0.462285 0.036406 0.059180
1 0.292363 0.550078 0.035117 0.065664
1 0.333008 0.550732 0.033164 0.056582
1 0.380479 0.558857 0.044863 0.066348
1 0.245879 0.655420 0.038359 0.066973
1 0.288496 0.651201 0.024766 0.058535
1 0.375283 0.736055 0.031855 0.064375
1 0.419854 0.738340 0.035176 0.070234
1 0.284277 0.837832 0.034531 0.074141
1 0.416904 0.841406 0.035762 0.072187
1 0.421807 0.914561 0.031270 0.055918
1 0.325537 0.915215 0.027324 0.052031
2 0.433154 0.112441 0.040957 0.072187
2 0.261475 0.211924 0.034473 0.070879
2 0.300176 0.207383 0.031211 0.072187
2 0.256602 0.391416 0.033828 0.074785
2 0.339189 0.387500 0.039004 0.073477
2 0.291387 0.478877 0.033164 0.063730
2 0.338867 0.465215 0.037070 0.065039
2 0.422109 0.466514 0.042266 0.074121
2 0.423408 0.554297 0.035762 0.066328
2 0.331387 0.646963 0.028594 0.061777
2 0.422754 0.658027 0.042266 0.065664
2 0.245283 0.832500 0.030566 0.080000
2 0.324229 0.836211 0.041621 0.073477
2 0.373652 0.835557 0.036406 0.087793
2 0.240703 0.923018 0.038438 0.070215
2 0.369434 0.923340 0.042266 0.076094
0 0.290088 0.919111 0.035762 0.067637
0 0.332031 0.741914 0.035117 0.072187
0 0.286553 0.733135 0.031270 0.061113
0 0.250107 0.736377 0.032520 0.063730
0 0.373975 0.649248 0.035762 0.076738
0 0.254004 0.563408 0.033828 0.078027
0 0.254648 0.474648 0.039023 0.072188
0 0.295361 0.301211 0.031855 0.072187
0 0.264082 0.130645 0.037070 0.080000
