0 0.250986 0.476279 0.030918 0.056191
0 0.296699 0.478672 0.034453 0.049648
0 0.290176 0.569697 0.023945 0.063574
0 0.248584 0.653535 0.027871 0.068359
0 0.289092 0.647656 0.031348 0.058359
0 0.288633 0.729102 0.029648 0.052266
2 0.260791 0.139180 0.030488 0.066641
2 0.306084 0.128291 0.024395 0.044863
2 0.375537 0.130254 0.030918 0.063594
2 0.425850 0.125029 0.027871 0.060098
2 0.255986 0.219756 0.024395 0.041387
2 0.300420 0.213232 0.024395 0.057051
2 0.334824 0.223027 0.026992 0.054883
2 0.386650 0.222803 0.027871 0.045723
2 0.423887 0.222588 0.030039 0.045293
2 0.337266 0.301807 0.032227 0.056621
2 0.375811 0.292881 0.033535 0.062285
2 0.416094 0.288525 0.032227 0.055293
2 0.253428 0.386299 0.030918 0.060098
2 0.339004 0.388477 0.029609 0.073164
2 0.379502 0.376934 0.033105 0.061406
2 0.426973 0.373457 0.032227 0.058789
2 0.419990 0.562686 0.034004 0.072285
2 0.338350 0.555937 0.034395 0.066641
2 0.337910 0.646738 0.028320 0.061836
2 0.372969 0.654580 0.029609 0.060957
2 0.412363 0.651758 0.030977 0.055312
2 0.416953 0.734063 0.032227 0.055312
2 0.295020 0.814199 0.031367 0.048359
2 0.376670 0.825742 0.027441 0.052266
2 0.420439 0.831621 0.036582 0.070117
2 0.252988 0.917422 0.032656 0.060547
2 0.289971 0.910664 0.036074 0.055742
1 0.333555 0.913496 0.035273 0.071875
1 0.381035 0.898252 0.032656 0.051816
1 0.425869 0.926123 0.030098 0.068379
1 0.332666 0.827266 0.027480 0.064883
1 0.251904 0.822695 0.033105 0.057500
1 0.253857 0.741465 0.030059 0.057930
1 0.330488 0.726875 0.025742 0.048789
1 0.376221 0.735586 0.030957 0.075781
1 0.256631 0.558330 0.025371 0.051387
1 0.377744 0.561602 0.033145 0.064023
1 0.335303 0.462959 0.024824 0.051387
1 0.380156 0.459248 0.029180 0.063145
1 0.420898 0.462305 0.026953 0.061406
1 0.298721 0.391963 0.032676 0.062715
1 0.296973 0.301152 0.032656 0.066641
1 0.258213 0.308340 0.033535 0.053125
1 0.336807 0.140234 0.027910 0.057500
