0 0.381299 0.481240 0.036152 0.062285
0 0.256699 0.472969 0.034492 0.067500
0 0.297676 0.573574 0.032656 0.065781
0 0.262930 0.216865 0.031602 0.057949
0 0.336592 0.219785 0.038105 0.055938
0 0.300439 0.295400 0.027520 0.057168
0 0.384521 0.298877 0.031152 0.071973
0 0.429131 0.286934 0.038105 0.074102
0 0.336875 0.564424 0.035273 0.068379
0 0.250420 0.649570 0.035723 0.073164
0 0.297666 0.643691 0.030059 0.066641
0 0.334893 0.652402 0.036621 0.071875
0 0.379336 0.743867 0.040937 0.082305
0 0.252158 0.916543 0.036582 0.078398
0 0.297676 0.915459 0.031797 0.080566
2 0.265713 0.144023 0.031621 0.073008
2 0.303252 0.146475 0.035215 0.066777
2 0.343896 0.136123 0.031582 0.070059
2 0.390000 0.128496 0.030117 0.070039
2 0.430088 0.210527 0.030527 0.070781
2 0.261328 0.298174 0.034844 0.058809
2 0.263330 0.387998 0.023574 0.066426
2 0.338311 0.377842 0.034043 0.065684
2 0.385645 0.397256 0.027227 0.054434
2 0.424287 0.391982 0.034121 0.064238
2 0.297441 0.461855 0.037383 0.051523
2 0.424111 0.480547 0.035215 0.066406
2 0.381104 0.563291 0.034121 0.055527
2 0.423926 0.562383 0.037734 0.071133
2 0.334824 0.747666 0.035938 0.078027
2 0.255166 0.835176 0.038105 0.060977
2 0.341182 0.828271 0.033770 0.068965
2 0.382373 0.829541 0.028301 0.062051
2 0.425020 0.840605 0.036641 0.071133
2 0.337559 0.920098 0.033750 0.068242
2 0.378711 0.926260 0.039844 0.079121
1 0.421562 0.929893 0.034844 0.061699
1 0.295820 0.834619 0.032305 0.064238
1 0.421572 0.735908 0.035566 0.067871
1 0.257891 0.747529 0.031211 0.055527
1 0.298164 0.742803 0.031211 0.056973
1 0.379834 0.657881 0.037754 0.067871
1 0.424648 0.656602 0.033750 0.064609
1 0.257344 0.573311 0.034492 0.062051
1 0.339189 0.487471 0.035566 0.061699
1 0.301797 0.388760 0.034844 0.071855
1 0.344082 0.300752 0.033750 0.071504
1 0.387266 0.213818 0.033750 0.075488
1 0.299805 0.218545 0.030859 0.065332
1 0.430820 0.125273 0.037383 0.068945
