0 0.384043 0.087510 0.038867 0.071895
0 0.502891 0.275693 0.041797 0.055020
0 0.369375 0.339150 0.027148 0.045488
0 0.402393 0.339521 0.031543 0.052090
0 0.458506 0.340254 0.026426 0.046211
0 0.487119 0.437461 0.030801 0.060156
0 0.312520 0.433057 0.032266 0.051348
0 0.305176 0.608018 0.036680 0.066777
0 0.342598 0.616455 0.032266 0.049902
0 0.415225 0.916133 0.033730 0.046211
1 0.426230 0.085684 0.036680 0.059414
1 0.470615 0.084580 0.038887 0.058691
1 0.408994 0.258447 0.028613 0.052832
1 0.309951 0.527686 0.033027 0.055762
1 0.397988 0.523281 0.037422 0.060156
1 0.437969 0.539053 0.033750 0.062363
1 0.486748 0.536123 0.044746 0.059434
1 0.386250 0.624521 0.035938 0.068965
1 0.434668 0.613516 0.040352 0.063086
1 0.300039 0.695684 0.033750 0.064570
1 0.336729 0.704492 0.033730 0.057227
1 0.383311 0.707783 0.040332 0.062363
1 0.291240 0.790693 0.044004 0.065293
1 0.337090 0.795830 0.033008 0.068223
1 0.426592 0.816729 0.025684 0.068965
2 0.336377 0.087451 0.036934 0.061309
2 0.521133 0.080732 0.035273 0.064668
2 0.333447 0.177314 0.037793 0.062988
2 0.375840 0.171016 0.031914 0.062148
2 0.414893 0.165137 0.031074 0.060469
2 0.463184 0.163037 0.033594 0.066348
2 0.508535 0.173535 0.035273 0.063828
2 0.327568 0.261719 0.036113 0.067187
2 0.366611 0.262139 0.031895 0.059629
2 0.458145 0.270117 0.033594 0.057109
2 0.318330 0.352422 0.037793 0.060469
2 0.501396 0.348223 0.032754 0.053750
2 0.362412 0.431787 0.030215 0.059629
2 0.403975 0.444805 0.031074 0.048711
2 0.445967 0.441865 0.041152 0.037793
2 0.354854 0.528350 0.028535 0.047871
2 0.479141 0.620313 0.033594 0.065508
2 0.431270 0.699678 0.040312 0.054590
2 0.473262 0.719834 0.033594 0.062988
2 0.381299 0.806758 0.042832 0.072227
2 0.477461 0.820195 0.036953 0.057109
2 0.284316 0.875625 0.030234 0.060469
2 0.333027 0.894941 0.030234 0.062148
2 0.370391 0.891582 0.039453 0.053750
2 0.460664 0.908799 0.035273 0.052910
