1 0.336689 0.107432 0.032285 0.049824
1 0.382607 0.097500 0.033066 0.061094
1 0.420137 0.098613 0.036758 0.058320
1 0.465078 0.099238 0.040352 0.057734
1 0.332539 0.187783 0.034180 0.068926
1 0.407910 0.185264 0.033633 0.059395
1 0.463115 0.187793 0.036426 0.059961
1 0.504463 0.184131 0.036387 0.054590
1 0.326006 0.277568 0.029395 0.053887
1 0.416279 0.268125 0.030801 0.050391
1 0.415576 0.358057 0.030801 0.062285
1 0.452676 0.366104 0.033594 0.054590
1 0.502012 0.360156 0.039883 0.066484
1 0.403672 0.444834 0.041992 0.070684
1 0.448125 0.447275 0.032891 0.054590
1 0.393184 0.530215 0.044805 0.066484
1 0.387373 0.619580 0.041152 0.065488
1 0.481260 0.630244 0.036113 0.059629
1 0.303232 0.717588 0.034434 0.068027
1 0.341016 0.719268 0.036094 0.052910
1 0.341846 0.793594 0.029395 0.053750
1 0.383838 0.819629 0.029395 0.045352
1 0.472441 0.814590 0.040313 0.063828
1 0.289375 0.883867 0.031914 0.039453
1 0.334717 0.897725 0.035254 0.073887
1 0.382578 0.901084 0.033594 0.058770
1 0.468662 0.900244 0.041152 0.060449
0 0.509209 0.083975 0.034316 0.066934
0 0.347549 0.540244 0.038887 0.069512
0 0.492031 0.529678 0.042773 0.071973
0 0.482998 0.734209 0.035957 0.062207
0 0.430986 0.732021 0.036934 0.066582
2 0.369707 0.183477 0.033047 0.062695
2 0.365342 0.272412 0.029160 0.049082
2 0.452568 0.261475 0.032559 0.055410
2 0.500195 0.260508 0.038398 0.059297
2 0.318682 0.361680 0.029160 0.060742
2 0.371729 0.360273 0.029980 0.066016
2 0.313818 0.451396 0.032402 0.061152
2 0.353301 0.448350 0.034414 0.059121
2 0.487549 0.446729 0.041309 0.059121
2 0.308135 0.532998 0.032402 0.075332
2 0.442812 0.531787 0.041719 0.065605
2 0.434053 0.623301 0.044238 0.056367
2 0.348281 0.625000 0.032070 0.062695
2 0.308916 0.635703 0.038887 0.062695
2 0.386914 0.729258 0.043242 0.058320
2 0.295068 0.810166 0.033535 0.052012
2 0.427734 0.812607 0.038398 0.065605
2 0.423604 0.891572 0.037910 0.053457
