2 0.202432 0.797959 0.030566 0.063730
2 0.279492 0.808369 0.031211 0.068926
2 0.334766 0.808047 0.032500 0.052656
2 0.158213 0.879580 0.035762 0.061777
2 0.236250 0.897139 0.037070 0.069590
1 0.281445 0.893232 0.033828 0.063066
1 0.199512 0.893564 0.029922 0.065020
1 0.238525 0.819102 0.035098 0.070898
1 0.284043 0.727734 0.035117 0.071523
1 0.203418 0.634424 0.035117 0.066973
0 0.257549 0.102852 0.026699 0.058711
0 0.341094 0.083213 0.029414 0.069082
0 0.260703 0.197246 0.032109 0.051484
0 0.338604 0.186172 0.031660 0.070898
0 0.170820 0.285732 0.035781 0.063262
0 0.210127 0.284844 0.037520 0.058711
0 0.337256 0.269717 0.034355 0.069082
0 0.299326 0.353486 0.032559 0.062324
0 0.339961 0.353271 0.034375 0.067285
0 0.166504 0.540674 0.035352 0.064590
0 0.288701 0.535029 0.035723 0.067754
0 0.284199 0.640029 0.033008 0.060059
0 0.327998 0.728076 0.039316 0.052832
0 0.330479 0.905557 0.037988 0.079043
2 0.218955 0.105479 0.036426 0.060488
2 0.177725 0.108330 0.031855 0.061777
2 0.214141 0.199053 0.031875 0.054629
2 0.295752 0.193203 0.033809 0.058516
2 0.166992 0.359023 0.033828 0.062422
2 0.208936 0.351221 0.035762 0.058535
2 0.253486 0.363896 0.041621 0.074785
2 0.163740 0.449736 0.032520 0.065684
2 0.208936 0.441602 0.038379 0.066328
2 0.290869 0.454297 0.035762 0.055273
2 0.339971 0.449746 0.033809 0.064375
2 0.331846 0.536875 0.031855 0.060469
2 0.158867 0.638643 0.037070 0.058535
2 0.322412 0.636699 0.028613 0.066328
2 0.160166 0.714404 0.030566 0.070879
2 0.204385 0.705957 0.031855 0.051367
2 0.239180 0.714082 0.031211 0.074141
2 0.160117 0.801543 0.031953 0.063086
1 0.248281 0.632148 0.029922 0.071523
1 0.244375 0.533623 0.039023 0.070879
1 0.202109 0.533955 0.027305 0.067637
1 0.247959 0.457861 0.034473 0.067637
1 0.252080 0.284404 0.031660 0.048770
1 0.296113 0.284170 0.030313 0.047402
1 0.175088 0.199268 0.027598 0.059160
1 0.300850 0.110313 0.032559 0.063672
