0 0.436729 0.105547 0.032832 0.075859
0 0.346387 0.205273 0.039336 0.071172
0 0.436758 0.290020 0.032773 0.058984
0 0.298164 0.377012 0.038398 0.062734
0 0.300508 0.466533 0.041211 0.074902
0 0.253691 0.567197 0.035586 0.072090
0 0.349199 0.107842 0.031836 0.063574
0 0.398828 0.116270 0.037461 0.065625
0 0.249492 0.642617 0.036562 0.069219
0 0.293955 0.641074 0.037441 0.064609
0 0.335625 0.736689 0.036523 0.072090
0 0.248535 0.824199 0.036523 0.061719
0 0.430205 0.840586 0.042129 0.064531
0 0.296289 0.915547 0.034648 0.066484
2 0.272041 0.126895 0.032793 0.058984
2 0.313145 0.112480 0.027148 0.065547
2 0.266797 0.202422 0.020586 0.050664
2 0.306602 0.206641 0.029023 0.055156
2 0.440977 0.199609 0.039336 0.063594
2 0.259775 0.385059 0.029043 0.069297
2 0.340781 0.371865 0.035586 0.056191
2 0.430664 0.372891 0.035586 0.071172
2 0.390400 0.473037 0.046816 0.069395
2 0.386602 0.551641 0.034336 0.069453
2 0.342812 0.650664 0.032773 0.068672
2 0.252773 0.737754 0.028867 0.076484
2 0.293652 0.738057 0.034336 0.081152
2 0.375986 0.738848 0.035137 0.065547
2 0.422803 0.753281 0.046035 0.067891
2 0.293652 0.831318 0.039023 0.075684
2 0.254639 0.911689 0.037441 0.069434
2 0.331875 0.936660 0.032734 0.061641
2 0.380664 0.926523 0.039805 0.067891
2 0.431777 0.935098 0.035898 0.058516
1 0.337754 0.823896 0.035117 0.053066
1 0.379883 0.841846 0.038242 0.059316
1 0.384961 0.642471 0.026523 0.075684
1 0.430215 0.641689 0.032773 0.060098
1 0.335020 0.560537 0.032773 0.078809
1 0.297559 0.564824 0.028086 0.062422
1 0.428652 0.548828 0.034336 0.063203
1 0.437627 0.463770 0.041348 0.075703
1 0.342422 0.464941 0.031992 0.079609
1 0.254648 0.465332 0.032773 0.067891
1 0.387305 0.375986 0.035898 0.059316
1 0.256982 0.294434 0.031230 0.064766
1 0.300684 0.289365 0.043711 0.078027
1 0.346719 0.285469 0.035898 0.071797
1 0.389248 0.294834 0.028887 0.053066
1 0.392754 0.211719 0.034336 0.055391
