0 0.375576 0.099951 0.029590 0.055996
0 0.508447 0.070332 0.037793 0.067188
0 0.450508 0.248779 0.032734 0.047871
0 0.446729 0.447402 0.041973 0.072227
0 0.403486 0.422207 0.036113 0.041992
0 0.320342 0.457900 0.032754 0.052910
0 0.433076 0.616328 0.033691 0.065078
0 0.484785 0.627949 0.037188 0.051133
0 0.351729 0.610518 0.038340 0.062754
0 0.346494 0.718008 0.044160 0.063906
0 0.429590 0.809229 0.031367 0.062754
0 0.299736 0.870547 0.035059 0.059258
0 0.384395 0.886865 0.039922 0.062871
1 0.462178 0.183877 0.031074 0.056270
1 0.503330 0.175479 0.042832 0.073066
1 0.495352 0.441689 0.031914 0.061309
1 0.356357 0.526094 0.031074 0.055430
1 0.395830 0.526094 0.039473 0.065508
1 0.392891 0.612598 0.033594 0.065508
1 0.477295 0.721338 0.036113 0.071387
1 0.339141 0.808682 0.031914 0.049551
2 0.340186 0.095830 0.030332 0.044902
2 0.418340 0.094951 0.041992 0.065332
2 0.462373 0.095537 0.037910 0.061816
2 0.327656 0.185352 0.033242 0.058320
2 0.377510 0.178057 0.031504 0.042559
2 0.416875 0.173682 0.035586 0.064160
2 0.326484 0.277197 0.035586 0.053066
2 0.363809 0.268154 0.035586 0.046660
2 0.404922 0.267578 0.030313 0.053672
2 0.495283 0.262031 0.035059 0.058906
2 0.324736 0.358848 0.028574 0.050742
2 0.363506 0.349521 0.029160 0.051895
2 0.412207 0.346016 0.030898 0.064727
2 0.451289 0.350684 0.032070 0.060078
2 0.491816 0.361475 0.038477 0.062988
2 0.357686 0.444580 0.037324 0.070566
2 0.314697 0.531855 0.033457 0.059531
2 0.442148 0.528350 0.040859 0.068887
2 0.482432 0.542568 0.028027 0.046699
2 0.306719 0.619805 0.033086 0.063437
2 0.301670 0.725273 0.035410 0.061875
2 0.393311 0.706992 0.037363 0.062656
2 0.433398 0.717686 0.038125 0.065371
2 0.299141 0.793770 0.031133 0.059531
2 0.390781 0.791621 0.033086 0.052148
2 0.470947 0.802529 0.027637 0.054473
2 0.335518 0.889316 0.029199 0.051367
2 0.425615 0.892422 0.035020 0.050586
2 0.472891 0.895732 0.041641 0.061895
