1 0.242715 0.912539 0.029180 0.068359
2 0.332646 0.646660 0.027012 0.063594
2 0.410166 0.650566 0.025254 0.058359
2 0.283232 0.728535 0.027402 0.060977
2 0.413867 0.842852 0.032656 0.058789
2 0.410166 0.938887 0.036582 0.066211
2 0.287139 0.935186 0.030918 0.057051
0 0.413438 0.206113 0.036055 0.056445
2 0.259258 0.150156 0.027422 0.063594
2 0.336777 0.114014 0.029180 0.051387
2 0.380342 0.125986 0.033535 0.060527
2 0.249463 0.210479 0.024395 0.049199
2 0.331338 0.223330 0.024395 0.057480
2 0.373359 0.208516 0.025703 0.061836
2 0.255557 0.308037 0.031348 0.057910
2 0.297363 0.310215 0.028750 0.051836
2 0.335039 0.313477 0.027422 0.052266
2 0.374893 0.295625 0.033965 0.075781
2 0.418906 0.295195 0.033906 0.058359
2 0.335693 0.385127 0.027871 0.050957
2 0.377939 0.382295 0.031348 0.070566
2 0.328730 0.469404 0.034844 0.051387
2 0.371191 0.472881 0.037031 0.062715
2 0.416016 0.459170 0.033594 0.059668
2 0.293877 0.563682 0.025254 0.057051
2 0.332646 0.550410 0.027012 0.055742
2 0.366621 0.573486 0.023516 0.060098
2 0.404512 0.563467 0.037461 0.066191
2 0.252070 0.654062 0.029609 0.060977
2 0.288438 0.648613 0.026562 0.061406
1 0.331123 0.915801 0.022207 0.058359
1 0.362041 0.929746 0.031777 0.072305
1 0.378154 0.836328 0.030059 0.064883
1 0.332861 0.825215 0.033535 0.064453
1 0.287783 0.835674 0.037441 0.063574
1 0.251641 0.823262 0.026992 0.061406
1 0.248145 0.736367 0.034844 0.079258
1 0.320225 0.746387 0.033535 0.063594
1 0.369443 0.758369 0.033535 0.059668
1 0.415615 0.744863 0.030918 0.080586
1 0.378340 0.653613 0.026211 0.058398
1 0.250117 0.567822 0.031797 0.063574
1 0.252070 0.461562 0.031367 0.053125
1 0.293232 0.462646 0.025684 0.056191
1 0.252295 0.385781 0.030059 0.053125
1 0.288213 0.386426 0.030488 0.061406
1 0.416924 0.383379 0.039629 0.070117
1 0.300420 0.213750 0.027871 0.052266
1 0.297803 0.139277 0.032246 0.055742
1 0.418877 0.113574 0.029629 0.048789
