2 0.324463 0.334336 0.035137 0.057031
2 0.409326 0.333379 0.032441 0.053516
2 0.454863 0.353115 0.025664 0.052988
2 0.488779 0.342168 0.027559 0.066211
1 0.337314 0.085078 0.033262 0.054414
1 0.331270 0.178799 0.029219 0.058457
1 0.466318 0.163682 0.033262 0.056426
1 0.327744 0.256396 0.030215 0.062480
1 0.371582 0.259922 0.037305 0.055430
1 0.456230 0.250859 0.029219 0.055430
1 0.364521 0.343057 0.033262 0.068535
1 0.312627 0.418643 0.032246 0.058457
1 0.355957 0.423682 0.044336 0.062480
1 0.405352 0.422168 0.040313 0.055430
1 0.452705 0.434268 0.034277 0.063496
1 0.486973 0.426201 0.026211 0.063496
1 0.310605 0.514893 0.040312 0.053418
1 0.347900 0.526475 0.026191 0.052402
1 0.440117 0.528496 0.035273 0.060469
1 0.351426 0.618184 0.039297 0.060469
1 0.440107 0.614150 0.041309 0.066504
1 0.486465 0.630781 0.035273 0.053398
1 0.294150 0.708369 0.036973 0.054941
1 0.387119 0.699922 0.034863 0.052813
1 0.295742 0.882676 0.027461 0.057031
1 0.473213 0.902217 0.040137 0.066543
0 0.381299 0.875273 0.033809 0.046484
0 0.423564 0.887432 0.038027 0.053887
0 0.419336 0.799746 0.035898 0.058086
0 0.466875 0.813477 0.044375 0.066563
0 0.299434 0.772813 0.030625 0.050703
2 0.382451 0.088174 0.036738 0.067051
2 0.423857 0.073018 0.036738 0.044902
2 0.466436 0.071836 0.030918 0.049570
2 0.502012 0.074473 0.035586 0.059492
2 0.376338 0.164570 0.036152 0.060078
2 0.416865 0.159902 0.034395 0.048398
2 0.507852 0.159619 0.040234 0.061816
2 0.412031 0.257979 0.032422 0.057832
2 0.491895 0.247715 0.025664 0.055117
2 0.401494 0.519863 0.029199 0.050820
2 0.486621 0.519863 0.039453 0.070273
2 0.309473 0.618096 0.039180 0.074316
2 0.391084 0.615537 0.032168 0.054043
2 0.341484 0.696875 0.043242 0.062695
2 0.429600 0.701475 0.035684 0.065957
2 0.472041 0.710391 0.030332 0.053672
2 0.336152 0.791162 0.033828 0.061230
2 0.379307 0.792031 0.034980 0.048984
2 0.335283 0.881270 0.036738 0.052500
