0 0.374492 0.099062 0.032500 0.054922
0 0.501426 0.083076 0.033047 0.058848
0 0.327139 0.183955 0.030840 0.047637
0 0.407832 0.163779 0.027461 0.055488
0 0.321816 0.256523 0.031367 0.051562
0 0.356836 0.354883 0.034180 0.066680
0 0.398027 0.341152 0.033633 0.058281
0 0.306396 0.521885 0.036426 0.068926
0 0.288467 0.779941 0.040918 0.040352
0 0.417930 0.817500 0.034180 0.061641
0 0.464150 0.801807 0.038105 0.068379
0 0.375898 0.890059 0.027461 0.056602
0 0.413438 0.906592 0.035313 0.057168
1 0.419189 0.086572 0.036113 0.047793
1 0.367959 0.167656 0.029395 0.062148
1 0.319668 0.357881 0.035273 0.057949
1 0.445645 0.345654 0.038633 0.058691
1 0.304971 0.443965 0.052910 0.052070
1 0.352422 0.435566 0.036953 0.067188
1 0.395254 0.429268 0.041992 0.071387
1 0.302451 0.606035 0.036113 0.057109
1 0.339824 0.611074 0.031914 0.048711
1 0.385596 0.612334 0.034434 0.062988
1 0.329326 0.884443 0.037793 0.069707
2 0.333965 0.100059 0.034336 0.057227
2 0.460107 0.080293 0.038887 0.063984
2 0.453418 0.170205 0.041719 0.052637
2 0.503437 0.171621 0.038867 0.068438
2 0.363916 0.259502 0.042520 0.064395
2 0.405420 0.266797 0.035645 0.056289
2 0.448359 0.258291 0.038867 0.051426
2 0.497168 0.264365 0.038477 0.056309
2 0.485820 0.347187 0.031172 0.059141
2 0.490879 0.424336 0.046172 0.063594
2 0.444707 0.433652 0.034023 0.060352
2 0.346592 0.524072 0.038105 0.060527
2 0.388057 0.540322 0.033613 0.052676
2 0.431201 0.537520 0.044824 0.079570
2 0.474639 0.527432 0.035293 0.062754
2 0.423643 0.612324 0.036426 0.052109
2 0.474639 0.617373 0.035293 0.058848
2 0.291953 0.709834 0.038672 0.062207
2 0.340420 0.704229 0.036973 0.068926
2 0.385254 0.704238 0.035859 0.072305
2 0.424756 0.716846 0.039785 0.067246
2 0.475479 0.722168 0.032520 0.056602
2 0.337900 0.797266 0.034199 0.067813
2 0.376279 0.800352 0.034746 0.066133
2 0.286621 0.884404 0.032500 0.070605
2 0.462031 0.899258 0.039219 0.068945
