0 0.500127 0.179766 0.037480 0.058047
0 0.410029 0.182793 0.038691 0.054414
0 0.497148 0.257412 0.033359 0.050801
0 0.399189 0.358994 0.031934 0.059512
0 0.464492 0.903916 0.040625 0.052246
0 0.472480 0.721064 0.036289 0.060957
0 0.391934 0.708008 0.040625 0.060938
1 0.333887 0.105762 0.029023 0.055156
1 0.330264 0.177598 0.033379 0.047891
1 0.405000 0.273369 0.037734 0.053691
1 0.319375 0.359727 0.040625 0.049336
1 0.404268 0.433730 0.044980 0.058047
1 0.450703 0.436631 0.039180 0.052246
1 0.346943 0.633994 0.034824 0.060957
1 0.299063 0.788545 0.037734 0.059512
2 0.373086 0.093906 0.032656 0.051328
2 0.415068 0.095068 0.034980 0.053652
2 0.461719 0.099150 0.032656 0.059473
2 0.501680 0.091855 0.041406 0.048398
2 0.370166 0.170879 0.029160 0.058320
2 0.452979 0.186621 0.031504 0.050156
2 0.318848 0.276738 0.024492 0.048398
2 0.359365 0.274395 0.029746 0.041406
2 0.455889 0.257783 0.027988 0.053652
2 0.361406 0.349346 0.032656 0.052480
2 0.448896 0.355762 0.031504 0.065312
2 0.489424 0.360430 0.029746 0.059492
2 0.317676 0.440615 0.033828 0.070566
2 0.355283 0.446445 0.037910 0.068242
2 0.485342 0.437402 0.026230 0.059492
2 0.307754 0.537129 0.032656 0.058320
2 0.349170 0.539463 0.030332 0.059473
2 0.386787 0.535088 0.039082 0.060059
2 0.437812 0.539756 0.035000 0.060059
2 0.487969 0.544131 0.039648 0.067637
2 0.299014 0.628691 0.031504 0.055977
2 0.388535 0.614111 0.033242 0.060645
2 0.432275 0.628984 0.032090 0.053086
2 0.477764 0.642988 0.035566 0.074063
2 0.300762 0.707139 0.033828 0.062402
2 0.340420 0.710342 0.033809 0.059473
2 0.434023 0.706553 0.035586 0.063574
2 0.336338 0.795195 0.027988 0.065898
2 0.375420 0.810068 0.037324 0.057168
2 0.418564 0.807158 0.031504 0.052480
2 0.477764 0.806279 0.040254 0.056582
2 0.292012 0.885596 0.030313 0.063574
2 0.340137 0.892891 0.025078 0.050156
2 0.384453 0.884434 0.027422 0.049570
2 0.419736 0.920303 0.034980 0.037324
