1 0.249639 0.100664 0.035762 0.068945
1 0.374180 0.082129 0.039023 0.068281
1 0.246396 0.191709 0.025371 0.054629
1 0.285732 0.182607 0.032520 0.063730
1 0.325400 0.183574 0.032520 0.053984
1 0.240010 0.275508 0.025918 0.052930
1 0.371123 0.265518 0.033027 0.060059
1 0.415156 0.258076 0.034375 0.063223
1 0.239941 0.360352 0.029844 0.064570
1 0.281035 0.362383 0.030742 0.061406
1 0.366152 0.344326 0.030312 0.065020
1 0.412891 0.354033 0.034375 0.064590
1 0.236094 0.448643 0.033906 0.063223
1 0.322803 0.434639 0.033027 0.070449
1 0.411084 0.436895 0.031660 0.067734
1 0.239941 0.531504 0.035273 0.072695
1 0.278096 0.529473 0.033027 0.066836
1 0.363672 0.543701 0.033477 0.061855
1 0.233389 0.624541 0.034824 0.067285
1 0.273584 0.627471 0.034824 0.069551
1 0.316709 0.629951 0.031660 0.063691
1 0.406797 0.622275 0.033906 0.064590
1 0.319414 0.711240 0.030742 0.072715
1 0.360732 0.725010 0.035723 0.068652
1 0.233164 0.802686 0.033477 0.058691
1 0.270400 0.806748 0.026738 0.067754
1 0.315352 0.802676 0.027148 0.066836
1 0.402734 0.814424 0.033008 0.063223
1 0.276973 0.888477 0.028945 0.066836
2 0.294121 0.099785 0.036172 0.077227
2 0.418994 0.092334 0.029395 0.063223
2 0.279463 0.455684 0.028457 0.062852
2 0.317568 0.532520 0.030645 0.069570
2 0.367314 0.624209 0.032598 0.060488
2 0.234004 0.722080 0.035195 0.067637
2 0.279854 0.722402 0.037129 0.066992
2 0.316270 0.898311 0.039727 0.068926
2 0.402100 0.905781 0.033223 0.072188
0 0.357881 0.899609 0.033223 0.066328
0 0.233359 0.899287 0.037773 0.066973
0 0.356904 0.807266 0.035176 0.062422
0 0.406982 0.726309 0.035176 0.082578
0 0.405361 0.536426 0.033223 0.073477
0 0.370889 0.438555 0.026738 0.057227
0 0.319199 0.363125 0.032578 0.061133
0 0.284072 0.277607 0.029980 0.063066
0 0.331875 0.272080 0.029336 0.066348
0 0.371221 0.180059 0.031270 0.055273
0 0.420312 0.166084 0.031914 0.065020
0 0.332197 0.097471 0.028691 0.074785
