2 0.393437 0.419414 0.028594 0.048203
2 0.436914 0.410625 0.034375 0.066563
2 0.272266 0.491309 0.028594 0.061719
2 0.349785 0.507500 0.028594 0.061719
2 0.439355 0.502598 0.028594 0.061719
2 0.269043 0.581016 0.035742 0.074297
2 0.303867 0.594131 0.028594 0.055449
2 0.280225 0.166162 0.028613 0.061699
2 0.403223 0.137949 0.028594 0.061719
2 0.442549 0.145313 0.032754 0.052344
2 0.400215 0.211289 0.028594 0.047344
2 0.440068 0.236133 0.031699 0.053516
2 0.271875 0.331758 0.033203 0.061719
2 0.311406 0.328750 0.028594 0.061719
2 0.391563 0.322715 0.028594 0.061719
2 0.434795 0.325352 0.031699 0.061719
2 0.270381 0.413047 0.028613 0.061719
2 0.309521 0.418691 0.028613 0.061719
2 0.347393 0.598437 0.035293 0.047656
2 0.267285 0.679043 0.028594 0.061719
2 0.303418 0.679502 0.028594 0.049980
2 0.342246 0.680410 0.028594 0.061719
2 0.433457 0.681758 0.033086 0.061719
2 0.388086 0.780186 0.030078 0.051738
2 0.265479 0.844990 0.028613 0.081113
2 0.381514 0.855137 0.033066 0.067070
2 0.261865 0.929688 0.028613 0.061719
2 0.433018 0.951367 0.028613 0.061719
0 0.355850 0.165195 0.031855 0.055234
0 0.273564 0.243965 0.031855 0.055234
0 0.307705 0.501133 0.031855 0.064531
0 0.394951 0.503799 0.035098 0.056855
0 0.437217 0.591289 0.041621 0.058438
0 0.392793 0.691045 0.031836 0.048770
0 0.434004 0.767490 0.040586 0.080254
1 0.387305 0.947656 0.037891 0.070977
1 0.342383 0.946279 0.037891 0.070996
1 0.301738 0.939775 0.037891 0.070996
1 0.304453 0.850898 0.037891 0.070977
1 0.343506 0.864434 0.033496 0.055820
1 0.436426 0.869043 0.029883 0.062695
1 0.346719 0.773369 0.037891 0.058066
1 0.304463 0.764189 0.033535 0.070996
1 0.266523 0.759854 0.037891 0.070996
1 0.391152 0.593232 0.037891 0.060684
1 0.351602 0.413584 0.037891 0.070996
1 0.352119 0.330078 0.036777 0.061328
1 0.354316 0.243115 0.037891 0.059668
1 0.314746 0.245596 0.037891 0.070996
1 0.312539 0.165342 0.028047 0.063496
2 0.170527 0.174160 0.028594 0.061719
0 0.169785 0.250928 0.031836 0.055254
2 0.164883 0.337109 0.033203 0.061719
2 0.123115 0.337861 0.028613 0.061699
2 0.163760 0.410352 0.028613 0.050781
0 0.120098 0.504941 0.031836 0.064531
2 0.157734 0.496836 0.028594 0.044844
2 0.110195 0.675527 0.025313 0.036992
1 0.154102 0.749668 0.037891 0.070977
1 0.113135 0.745771 0.037910 0.070996
1 0.068262 0.744463 0.037891 0.070996
2 0.154756 0.833555 0.028613 0.081094
2 0.153457 0.918086 0.028594 0.061719
