0 0.509424 0.090615 0.036113 0.066348
0 0.072725 0.125889 0.027715 0.051230
0 0.305820 0.622959 0.039297 0.076582
0 0.297246 0.812422 0.036289 0.050391
0 0.341084 0.817959 0.029238 0.053418
0 0.191934 0.618428 0.031250 0.073574
0 0.188906 0.803350 0.033281 0.054434
1 0.376328 0.109092 0.035273 0.052910
1 0.417061 0.104473 0.034434 0.053750
1 0.185264 0.124629 0.029395 0.043672
1 0.148730 0.126309 0.026875 0.041992
1 0.328037 0.198535 0.027715 0.035273
1 0.220117 0.216592 0.028555 0.037793
1 0.323418 0.277900 0.030234 0.057949
1 0.500615 0.277480 0.030215 0.036953
1 0.215078 0.282100 0.031914 0.057949
1 0.059707 0.284619 0.026875 0.047871
1 0.362891 0.371963 0.031914 0.044512
1 0.449395 0.368184 0.035273 0.053750
1 0.094141 0.363984 0.025195 0.047031
1 0.312139 0.440557 0.029395 0.048301
1 0.359727 0.456797 0.032187 0.058086
1 0.442305 0.458193 0.030781 0.059473
1 0.486396 0.461699 0.036387 0.049688
1 0.053193 0.457139 0.027988 0.039199
1 0.086084 0.448740 0.019590 0.037793
1 0.164121 0.431250 0.025898 0.033594
1 0.316680 0.541123 0.034297 0.067168
1 0.352725 0.552666 0.027988 0.039902
1 0.349219 0.628955 0.032187 0.063691
1 0.157119 0.623350 0.034277 0.062285
1 0.477646 0.729727 0.042676 0.069297
1 0.034297 0.699287 0.030781 0.039199
1 0.425156 0.822451 0.034297 0.061582
1 0.068584 0.782217 0.027988 0.042676
1 0.299189 0.901191 0.034277 0.056680
1 0.381416 0.907139 0.036387 0.072793
1 0.182666 0.888594 0.034980 0.046875
1 0.102178 0.873896 0.029395 0.060879
2 0.454600 0.091201 0.036113 0.061309
2 0.330723 0.110518 0.028555 0.047871
2 0.224482 0.120176 0.031074 0.048711
2 0.107744 0.125215 0.031074 0.055430
2 0.066182 0.210879 0.030215 0.055430
2 0.100186 0.202900 0.026035 0.054590
2 0.140078 0.197441 0.036953 0.050391
2 0.181650 0.193242 0.034434 0.041992
2 0.368516 0.194082 0.035273 0.038633
2 0.414287 0.189043 0.034434 0.067187
2 0.459639 0.176445 0.034434 0.070547
2 0.503730 0.181904 0.036953 0.054590
2 0.095986 0.283945 0.031074 0.057109
2 0.132939 0.284785 0.024355 0.058789
2 0.363057 0.275547 0.032754 0.048711
2 0.407148 0.276807 0.035273 0.049551
2 0.454180 0.276387 0.031914 0.053750
2 0.318125 0.368770 0.030234 0.057109
2 0.402529 0.363730 0.041152 0.053750
2 0.492812 0.363311 0.030234 0.066348
2 0.129160 0.363730 0.031914 0.048711
2 0.054014 0.367510 0.031074 0.051230
2 0.122861 0.445195 0.031074 0.057109
2 0.398750 0.454434 0.036953 0.067188
2 0.396230 0.547637 0.031914 0.052070
2 0.442842 0.556875 0.037793 0.048711
2 0.484834 0.549736 0.042832 0.049551
2 0.084238 0.534619 0.024336 0.051230
2 0.387832 0.643799 0.033594 0.049551
2 0.434863 0.640020 0.040312 0.067187
2 0.480215 0.641279 0.033594 0.071387
2 0.041416 0.614824 0.031074 0.063828
2 0.080039 0.622383 0.029375 0.055430
2 0.117402 0.628682 0.028555 0.037793
2 0.302588 0.721904 0.034434 0.061309
2 0.347520 0.726104 0.030234 0.052910
2 0.388672 0.721064 0.041992 0.078105
2 0.432344 0.733662 0.033594 0.057949
2 0.109004 0.703848 0.033594 0.063828
2 0.190469 0.716445 0.038633 0.047031
2 0.382373 0.825625 0.032754 0.052070
2 0.473076 0.823525 0.039473 0.064668
2 0.109844 0.796650 0.030234 0.039473
2 0.028398 0.786152 0.035273 0.053750
2 0.338701 0.905410 0.032754 0.057109
2 0.426045 0.924717 0.027715 0.050371
2 0.470557 0.922197 0.037793 0.070527
2 0.143437 0.881895 0.033594 0.041992
2 0.035537 0.865938 0.037793 0.052070
