1 0.181162 0.123096 0.029316 0.053652
1 0.301465 0.101680 0.040156 0.068281
1 0.173027 0.211689 0.028242 0.052012
1 0.215020 0.204375 0.030938 0.060156
1 0.261348 0.193271 0.027148 0.045527
1 0.176621 0.294375 0.026719 0.054180
1 0.299492 0.284033 0.036875 0.065098
1 0.343145 0.284775 0.034609 0.061348
1 0.170039 0.379053 0.027109 0.060957
1 0.210117 0.374717 0.034258 0.067363
1 0.297432 0.375098 0.039512 0.059102
1 0.336934 0.375850 0.035742 0.059824
1 0.171357 0.463535 0.028223 0.063594
1 0.252266 0.464844 0.036484 0.064727
1 0.334688 0.462598 0.035000 0.067734
1 0.171924 0.547637 0.028613 0.075273
1 0.205977 0.547080 0.032734 0.070371
1 0.288203 0.556299 0.031602 0.057949
1 0.165029 0.634023 0.037637 0.054180
1 0.244521 0.732842 0.030098 0.061348
1 0.282197 0.732109 0.030488 0.075273
1 0.067246 0.381797 0.030898 0.057969
1 0.068535 0.297725 0.026719 0.061348
1 0.071777 0.217900 0.033125 0.042520
1 0.084580 0.139063 0.024082 0.061719
2 0.226953 0.113203 0.031172 0.073164
2 0.345723 0.104844 0.031172 0.050117
2 0.207764 0.464766 0.030723 0.069102
2 0.240957 0.550781 0.034766 0.065937
1 0.202725 0.641377 0.029980 0.063730
1 0.241699 0.642314 0.029883 0.059238
2 0.288232 0.646582 0.037129 0.052031
1 0.330830 0.647881 0.033887 0.057207
2 0.159160 0.730791 0.033867 0.061777
2 0.201426 0.724619 0.031289 0.071543
1 0.157861 0.819238 0.031270 0.055273
1 0.197529 0.822158 0.033887 0.066348
1 0.239141 0.822158 0.036484 0.059824
1 0.326611 0.833857 0.033223 0.059824
1 0.203057 0.903447 0.028027 0.052012
2 0.239473 0.900518 0.026719 0.068262
2 0.328887 0.913848 0.036484 0.078047
1 0.055146 0.807119 0.027480 0.056074
2 0.060020 0.725410 0.029805 0.053945
2 0.015840 0.723379 0.029805 0.053945
1 0.057607 0.630762 0.037637 0.047461
1 0.019629 0.633428 0.033203 0.054199
0 0.260801 0.114307 0.030859 0.076387
0 0.301084 0.198975 0.032363 0.050059
0 0.349619 0.201797 0.027832 0.048164
0 0.216777 0.298887 0.028594 0.044414
0 0.258174 0.287783 0.032363 0.064355
0 0.250078 0.381113 0.028984 0.060586
0 0.292041 0.480840 0.033105 0.032734
0 0.329482 0.543691 0.033496 0.074141
0 0.327227 0.728652 0.029727 0.080547
0 0.283193 0.827432 0.039512 0.062090
0 0.160518 0.899502 0.034238 0.063223
0 0.283193 0.916631 0.036504 0.072637
