1 0.333555 0.913496 0.035273 0.071875
2 0.412363 0.663730 0.030977 0.055312
2 0.418174 0.569580 0.034004 0.072285
2 0.337256 0.567559 0.034395 0.066641
2 0.334277 0.664883 0.028320 0.061836
2 0.369707 0.663291 0.029609 0.060957
1 0.252764 0.318145 0.033535 0.053125
1 0.334268 0.149668 0.027910 0.057500
0 0.252803 0.488975 0.030918 0.056191
0 0.290176 0.494277 0.034453 0.049648
0 0.288359 0.575146 0.023945 0.063574
0 0.248584 0.665508 0.027871 0.068359
0 0.288369 0.668711 0.031348 0.058359
0 0.286094 0.756328 0.029648 0.052266
2 0.257881 0.143164 0.030488 0.066641
2 0.291924 0.151885 0.024395 0.044863
2 0.369014 0.130625 0.030918 0.063594
2 0.414600 0.130479 0.027871 0.060098
2 0.260342 0.240811 0.024395 0.041387
2 0.293896 0.227021 0.024395 0.057051
2 0.333730 0.226289 0.026992 0.054883
2 0.373955 0.234219 0.027871 0.035234
2 0.421348 0.222588 0.030039 0.045293
2 0.332910 0.314150 0.032227 0.056621
2 0.373994 0.305576 0.033535 0.062285
2 0.411582 0.311797 0.026836 0.039219
2 0.252705 0.398643 0.030918 0.060098
2 0.332832 0.387031 0.029609 0.073164
2 0.374795 0.390723 0.033105 0.061406
2 0.421523 0.383613 0.032227 0.058789
2 0.416582 0.754023 0.032227 0.055313
2 0.290664 0.847598 0.031367 0.048359
2 0.374854 0.844609 0.027441 0.052266
2 0.419346 0.842148 0.036582 0.070117
2 0.252988 0.921406 0.032656 0.060547
2 0.289248 0.925176 0.036074 0.055742
1 0.371602 0.927295 0.032656 0.051816
1 0.417881 0.924307 0.030098 0.068379
1 0.334482 0.820752 0.027480 0.051855
1 0.251182 0.837578 0.033105 0.057500
1 0.251318 0.752715 0.030059 0.057930
1 0.330488 0.760996 0.025742 0.048789
1 0.371514 0.751914 0.030957 0.075781
1 0.257725 0.572842 0.025371 0.051387
1 0.375928 0.573223 0.033145 0.064023
1 0.331670 0.491260 0.024824 0.051387
1 0.376895 0.482471 0.029180 0.063145
1 0.415449 0.481172 0.026953 0.061406
1 0.292920 0.401768 0.032676 0.062715
1 0.291895 0.316387 0.032656 0.066641
0 0.144443 0.656631 0.029473 0.040137
0 0.106807 0.479775 0.030723 0.053926
1 0.145078 0.319131 0.022695 0.048145
1 0.111553 0.317373 0.024199 0.047129
1 0.107402 0.402090 0.029336 0.037227
1 0.035400 0.478672 0.033965 0.050508
1 0.038008 0.568643 0.029492 0.048301
1 0.142744 0.740166 0.031973 0.056426
1 0.143926 0.806055 0.032227 0.046602
1 0.075469 0.909365 0.023516 0.022480
1 0.036494 0.909971 0.031582 0.043184
1 0.070547 0.813770 0.028320 0.052695
1 0.071855 0.747002 0.031367 0.044863
1 0.036475 0.739385 0.034629 0.058691
2 0.111055 0.818164 0.027188 0.048086
2 0.106660 0.928701 0.023516 0.042324
2 0.036182 0.646563 0.030918 0.046602
2 0.071240 0.571006 0.022637 0.054004
2 0.145723 0.412471 0.026992 0.054004
2 0.069062 0.406816 0.026992 0.061836
2 0.031396 0.404854 0.026582 0.057910
2 0.074521 0.315176 0.029941 0.047773
2 0.034863 0.328174 0.029883 0.056855
2 0.144854 0.220146 0.021348 0.030059
2 0.040107 0.264355 0.029629 0.040078
2 0.148770 0.152432 0.030039 0.062715
2 0.043027 0.179893 0.023594 0.049707
2 0.110176 0.160479 0.026484 0.037012
