0 0.367510 0.102666 0.026621 0.039902
0 0.499688 0.091689 0.033594 0.053184
0 0.183779 0.119189 0.028691 0.037090
0 0.070059 0.129336 0.023789 0.051797
0 0.446582 0.279805 0.025195 0.048984
0 0.171182 0.289600 0.030098 0.044785
0 0.313379 0.456777 0.029219 0.050391
0 0.400029 0.457754 0.033262 0.044258
0 0.441865 0.455771 0.042324 0.060449
0 0.083594 0.453252 0.025195 0.061465
0 0.117842 0.451240 0.029160 0.043340
0 0.480381 0.646230 0.039473 0.041992
0 0.430146 0.635654 0.034434 0.059629
0 0.197949 0.638594 0.031914 0.043672
0 0.150078 0.624736 0.031914 0.047871
0 0.077012 0.619277 0.026875 0.055430
0 0.344658 0.636074 0.037793 0.058789
0 0.341143 0.722578 0.032754 0.058789
0 0.146299 0.710820 0.034434 0.053750
0 0.425107 0.821680 0.032754 0.050391
0 0.063994 0.790186 0.031074 0.039473
0 0.291592 0.897256 0.034434 0.052051
0 0.375996 0.898096 0.041992 0.063809
1 0.453555 0.196270 0.029219 0.030234
1 0.498896 0.179639 0.033262 0.051387
1 0.486299 0.455264 0.032246 0.058457
1 0.347236 0.542939 0.036270 0.058457
1 0.393584 0.542441 0.038301 0.065508
1 0.473203 0.720312 0.038281 0.068516
1 0.338164 0.818564 0.036289 0.047363
1 0.142656 0.795381 0.032266 0.037285
1 0.031299 0.698643 0.033262 0.039316
1 0.117461 0.538408 0.032266 0.053418
1 0.048437 0.451738 0.035273 0.051406
1 0.065059 0.208359 0.028203 0.056445
1 0.097314 0.214912 0.032246 0.039316
2 0.329600 0.118672 0.029238 0.036289
2 0.417275 0.103555 0.043340 0.060469
2 0.460107 0.089951 0.032246 0.069551
2 0.220762 0.107080 0.035273 0.031230
2 0.147695 0.122207 0.036289 0.055430
2 0.104355 0.129248 0.034258 0.061465
2 0.136104 0.198291 0.029238 0.052402
2 0.178936 0.204834 0.028223 0.031230
2 0.215215 0.190732 0.036289 0.063496
2 0.328594 0.187705 0.031250 0.059473
2 0.370918 0.195264 0.035273 0.038301
2 0.409717 0.184170 0.034277 0.058457
2 0.322031 0.277900 0.030234 0.048379
2 0.365371 0.281426 0.040312 0.051406
2 0.410225 0.283945 0.033262 0.044336
2 0.492861 0.270840 0.033262 0.060469
2 0.213193 0.266309 0.028223 0.045352
2 0.133594 0.283438 0.030234 0.041328
2 0.093271 0.292510 0.026191 0.031230
2 0.057998 0.284951 0.028223 0.044355
2 0.054980 0.359023 0.030234 0.051406
2 0.088740 0.366084 0.025176 0.047363
2 0.123506 0.374141 0.028223 0.045352
2 0.161299 0.369600 0.027207 0.042324
2 0.202627 0.378174 0.037285 0.027207
2 0.311455 0.363057 0.029238 0.047363
2 0.355801 0.372627 0.031250 0.038301
2 0.402666 0.371113 0.032246 0.039297
2 0.448516 0.362051 0.031250 0.055430
2 0.489834 0.359023 0.033262 0.063477
2 0.353779 0.450732 0.041309 0.079629
2 0.039355 0.533369 0.039297 0.047363
2 0.079678 0.537402 0.027207 0.043320
2 0.306924 0.542432 0.036270 0.047363
2 0.433398 0.547988 0.037305 0.060469
2 0.477744 0.551006 0.031230 0.048379
2 0.035830 0.624570 0.028223 0.040313
2 0.110410 0.621045 0.030234 0.057441
2 0.301387 0.633643 0.035273 0.052402
2 0.426846 0.728369 0.034277 0.066504
2 0.386543 0.727363 0.034258 0.046367
2 0.295840 0.711738 0.038281 0.075586
2 0.190020 0.713262 0.036289 0.050391
2 0.071611 0.701660 0.029238 0.049375
2 0.104365 0.706201 0.028223 0.052402
2 0.296338 0.816045 0.031230 0.048379
2 0.028779 0.783799 0.028223 0.040293
2 0.104863 0.793369 0.025195 0.041309
2 0.181455 0.797402 0.035254 0.049375
2 0.378477 0.820586 0.028203 0.045352
2 0.469170 0.829648 0.036270 0.045352
2 0.333125 0.904229 0.030234 0.047363
2 0.419287 0.909775 0.031230 0.058457
2 0.466650 0.915820 0.041309 0.050391
2 0.022227 0.866943 0.023164 0.047363
2 0.060020 0.868955 0.030234 0.045332
2 0.143662 0.889111 0.028223 0.039316
0 0.100322 0.871982 0.032246 0.047363
0 0.178936 0.894658 0.024199 0.038301
