2 0.228643 0.106729 0.034277 0.048301
2 0.187002 0.103936 0.026582 0.063691
2 0.145361 0.115127 0.023105 0.042676
2 0.071885 0.115830 0.028691 0.035684
2 0.370361 0.179160 0.032207 0.068594
2 0.453643 0.189668 0.026582 0.033594
2 0.503330 0.186162 0.037793 0.043379
2 0.180703 0.188262 0.025195 0.058789
2 0.103018 0.204014 0.037793 0.027285
2 0.064180 0.203311 0.027305 0.038496
2 0.324521 0.277490 0.031504 0.051074
2 0.212734 0.266504 0.039922 0.057383
2 0.454902 0.271055 0.031484 0.042695
2 0.097637 0.274902 0.030781 0.041992
2 0.314375 0.368262 0.028008 0.034297
2 0.360566 0.364756 0.026602 0.046895
2 0.402549 0.368262 0.039199 0.045508
2 0.205898 0.371758 0.028008 0.027305
2 0.166357 0.357764 0.030098 0.060879
2 0.126113 0.367559 0.026602 0.032891
2 0.312412 0.453008 0.034980 0.051797
2 0.398496 0.449863 0.039180 0.058086
2 0.445732 0.450918 0.038496 0.058789
2 0.203584 0.446367 0.030098 0.052500
2 0.120654 0.444268 0.026582 0.053887
2 0.082871 0.438320 0.026602 0.048984
2 0.115830 0.528740 0.030098 0.062285
2 0.196309 0.529990 0.035000 0.069980
2 0.306533 0.533838 0.035684 0.072090
2 0.391914 0.534189 0.034297 0.069980
2 0.033955 0.609775 0.029395 0.047598
2 0.148721 0.605225 0.020996 0.035684
1 0.306191 0.596797 0.026602 0.038711
1 0.072188 0.611914 0.027812 0.047148
1 0.110898 0.620986 0.030234 0.033848
1 0.377666 0.809277 0.033848 0.060469
1 0.101943 0.775410 0.026621 0.050781
2 0.333623 0.102881 0.028691 0.058770
2 0.377705 0.093086 0.031504 0.065781
2 0.417598 0.096230 0.032891 0.056680
2 0.509980 0.082236 0.041289 0.065098
0 0.464678 0.091133 0.036113 0.063828
0 0.109004 0.116318 0.026875 0.050371
0 0.485254 0.353564 0.028555 0.051230
0 0.449561 0.353564 0.031074 0.071387
0 0.089102 0.361123 0.028555 0.042832
0 0.052988 0.364902 0.026875 0.050391
0 0.347842 0.542939 0.036270 0.053418
0 0.154854 0.536895 0.033262 0.053398
0 0.414355 0.916221 0.035273 0.048379
0 0.058604 0.867344 0.027207 0.039297
1 0.328809 0.185508 0.024180 0.054414
1 0.414668 0.184297 0.029023 0.051992
1 0.366309 0.274395 0.031445 0.048359
1 0.405605 0.267734 0.039922 0.054414
1 0.499326 0.265322 0.026621 0.052012
1 0.478770 0.449746 0.021758 0.038711
1 0.349375 0.448535 0.026602 0.045938
1 0.482471 0.540430 0.038301 0.055430
1 0.436729 0.538711 0.033262 0.056445
1 0.039160 0.522090 0.026211 0.055430
1 0.077451 0.520566 0.034277 0.046367
1 0.162617 0.449014 0.025195 0.046348
1 0.060732 0.266211 0.022168 0.051406
1 0.140342 0.267217 0.026191 0.055410
1 0.218945 0.200703 0.030234 0.025195
1 0.140840 0.191133 0.023164 0.044336
1 0.387832 0.639727 0.030234 0.027813
1 0.431963 0.635498 0.036270 0.053223
2 0.343975 0.634268 0.036387 0.053184
2 0.476953 0.631113 0.040586 0.066484
2 0.300938 0.718252 0.037109 0.060176
2 0.337676 0.728398 0.035000 0.042695
2 0.383867 0.726299 0.039180 0.055293
2 0.423408 0.728750 0.034277 0.060195
2 0.472051 0.729795 0.039180 0.063691
2 0.179512 0.722100 0.022383 0.021699
2 0.145918 0.706006 0.032188 0.038496
2 0.103584 0.699004 0.021699 0.041289
2 0.068945 0.698652 0.018203 0.032187
2 0.029053 0.695859 0.029395 0.030781
2 0.025205 0.772832 0.028691 0.048984
2 0.065791 0.774941 0.028691 0.041992
2 0.140674 0.795234 0.027285 0.044805
2 0.177412 0.795234 0.029395 0.051797
2 0.296035 0.808184 0.032891 0.052500
2 0.334180 0.831631 0.029375 0.027988
2 0.423057 0.818330 0.036387 0.060176
2 0.467842 0.823584 0.037793 0.063691
2 0.285537 0.897402 0.030098 0.058789
2 0.329629 0.900205 0.035703 0.053184
2 0.371270 0.910361 0.035000 0.046895
2 0.465049 0.913154 0.032207 0.055293
2 0.174619 0.875713 0.036387 0.053184
2 0.137871 0.871865 0.031484 0.052480
2 0.097275 0.876768 0.037090 0.028691
2 0.021348 0.858926 0.030781 0.040586
