2 0.259258 0.150156 0.027422 0.063594
2 0.346797 0.144072 0.029180 0.051387
2 0.387314 0.117900 0.033535 0.051309
2 0.266455 0.243584 0.024395 0.049199
2 0.414395 0.853301 0.032656 0.058789
2 0.417998 0.938887 0.036582 0.066211
2 0.288701 0.935186 0.030918 0.057051
0 0.429551 0.230068 0.036055 0.046855
1 0.246367 0.919336 0.029180 0.068359
2 0.287588 0.754238 0.027402 0.060977
2 0.350928 0.223760 0.024395 0.057480
2 0.384687 0.232227 0.025703 0.041406
2 0.261221 0.316318 0.031348 0.057910
2 0.296484 0.319355 0.028750 0.051836
2 0.338516 0.312598 0.027422 0.052266
2 0.380127 0.300859 0.033965 0.075781
2 0.423691 0.295195 0.033906 0.058359
2 0.341357 0.403408 0.027871 0.050957
2 0.379678 0.401650 0.031348 0.057988
2 0.335254 0.492061 0.034844 0.051387
2 0.379473 0.480283 0.037031 0.062715
2 0.420371 0.482686 0.033594 0.059668
2 0.298662 0.576318 0.025254 0.044824
2 0.333525 0.577852 0.027012 0.055742
2 0.373994 0.580010 0.025332 0.060098
2 0.413398 0.574346 0.031875 0.066191
2 0.253809 0.659297 0.029609 0.060977
2 0.293223 0.664727 0.026562 0.061406
1 0.327471 0.935137 0.022207 0.058359
1 0.367783 0.933926 0.031777 0.072305
1 0.375537 0.848867 0.030059 0.064883
1 0.330771 0.841426 0.033535 0.064453
1 0.289873 0.837236 0.037441 0.063574
1 0.244844 0.834766 0.026992 0.061406
1 0.251191 0.740293 0.034844 0.079258
1 0.327656 0.748574 0.025625 0.063594
1 0.369873 0.762725 0.033535 0.059668
1 0.422139 0.748789 0.030918 0.080586
1 0.370508 0.671914 0.026211 0.058398
1 0.254473 0.573916 0.031797 0.063574
1 0.255996 0.500527 0.031367 0.044023
1 0.294541 0.496602 0.025684 0.047500
1 0.260576 0.404082 0.030059 0.053125
1 0.299541 0.403223 0.030488 0.047852
1 0.418232 0.397119 0.039629 0.058301
1 0.304346 0.229434 0.027871 0.052266
1 0.302588 0.149297 0.032246 0.055742
1 0.433252 0.141631 0.029629 0.040566
1 0.143779 0.902676 0.030840 0.060625
1 0.041982 0.900605 0.026504 0.050078
1 0.145977 0.831270 0.029609 0.058789
1 0.073467 0.818867 0.028301 0.058359
1 0.043975 0.807480 0.022871 0.048633
1 0.143057 0.736904 0.036387 0.074004
1 0.072031 0.735332 0.023945 0.049219
1 0.036055 0.670391 0.026133 0.035703
1 0.149229 0.393848 0.031309 0.048594
1 0.123125 0.167549 0.029258 0.044434
1 0.015977 0.176816 0.024375 0.037031
2 0.158174 0.157432 0.026582 0.062715
2 0.086309 0.173330 0.023945 0.045723
2 0.158613 0.238662 0.029180 0.042246
2 0.045371 0.259131 0.023086 0.051816
2 0.085410 0.258477 0.030859 0.047031
2 0.155557 0.327070 0.024824 0.039648
2 0.117021 0.325107 0.024395 0.041816
2 0.081523 0.330547 0.026563 0.040508
2 0.045811 0.333379 0.024824 0.055742
2 0.042324 0.405459 0.028320 0.051816
2 0.078916 0.493662 0.021348 0.039199
2 0.071289 0.575752 0.024375 0.037012
2 0.100254 0.661328 0.037031 0.058359
2 0.109004 0.728750 0.022656 0.053125
2 0.105518 0.898604 0.025254 0.048770
