1 0.120342 0.437627 0.029395 0.047871
1 0.077939 0.454004 0.025176 0.040313
1 0.206426 0.371699 0.030234 0.048711
1 0.398330 0.454424 0.031074 0.049551
0 0.497930 0.188711 0.030234 0.041992
0 0.409746 0.190391 0.030234 0.050391
0 0.493730 0.275635 0.033594 0.054590
0 0.404795 0.367002 0.031074 0.059629
0 0.463242 0.921865 0.035273 0.049551
0 0.470381 0.742559 0.032754 0.048711
0 0.384717 0.727861 0.037793 0.066348
0 0.140342 0.200879 0.029395 0.062148
0 0.064336 0.204238 0.021836 0.045352
0 0.211729 0.281924 0.029395 0.051230
0 0.131104 0.372627 0.026035 0.047871
0 0.032842 0.699307 0.024355 0.044512
0 0.108428 0.704766 0.032754 0.052070
0 0.022344 0.873994 0.030234 0.039473
1 0.335928 0.114219 0.034434 0.047852
1 0.224062 0.123545 0.030234 0.044512
1 0.332402 0.192412 0.038633 0.051230
1 0.221963 0.195391 0.031074 0.047109
1 0.407988 0.277227 0.033594 0.061289
1 0.134619 0.287715 0.031074 0.050391
1 0.317705 0.368760 0.027715 0.054590
1 0.345420 0.635410 0.026035 0.048711
1 0.300908 0.721904 0.029395 0.052051
1 0.191729 0.711826 0.032754 0.050371
1 0.294189 0.807139 0.034434 0.062988
1 0.182490 0.800420 0.031074 0.046191
2 0.373975 0.112207 0.026035 0.048711
2 0.416553 0.105400 0.034434 0.045332
2 0.456445 0.097920 0.031914 0.044512
2 0.504316 0.090361 0.033594 0.041152
2 0.186855 0.121855 0.028555 0.038633
2 0.147803 0.121436 0.027715 0.031074
2 0.106670 0.126055 0.026035 0.033594
2 0.072656 0.126895 0.026875 0.031914
2 0.179717 0.178965 0.031074 0.035273
2 0.457705 0.197021 0.031074 0.036113
2 0.320391 0.293184 0.033594 0.026875
2 0.360283 0.287725 0.029395 0.047871
2 0.055020 0.293604 0.026875 0.036113
2 0.089453 0.291504 0.031914 0.041992
2 0.098271 0.209199 0.026035 0.036953
2 0.368682 0.212139 0.024355 0.020996
2 0.489199 0.363730 0.026875 0.062148
2 0.450146 0.373809 0.031074 0.040313
2 0.045781 0.451494 0.023516 0.036113
2 0.162080 0.426719 0.022676 0.033594
2 0.312832 0.451914 0.033594 0.062148
2 0.354824 0.454854 0.030234 0.069707
2 0.487100 0.463242 0.036113 0.057930
2 0.042842 0.519082 0.022676 0.045352
2 0.078955 0.539238 0.029395 0.057109
2 0.118418 0.536299 0.024336 0.052910
2 0.305693 0.543857 0.036113 0.056270
2 0.350205 0.547637 0.037793 0.052070
2 0.391357 0.547217 0.034434 0.052910
2 0.435449 0.549736 0.036953 0.049551
2 0.482480 0.541338 0.033594 0.069707
2 0.477021 0.636660 0.039473 0.068867
2 0.431250 0.645479 0.035273 0.042832
2 0.388838 0.634980 0.032754 0.062148
2 0.299395 0.634141 0.030234 0.052070
2 0.191895 0.625322 0.036953 0.057949
2 0.113379 0.619443 0.027695 0.051230
2 0.070137 0.620703 0.025195 0.038633
2 0.036123 0.615244 0.029395 0.059629
2 0.147803 0.711826 0.032754 0.047871
2 0.338027 0.729463 0.031914 0.052910
2 0.428730 0.731143 0.036953 0.054590
2 0.073076 0.697129 0.031074 0.052070
2 0.028984 0.784893 0.026875 0.047871
2 0.067617 0.790771 0.031914 0.047871
2 0.104570 0.791611 0.033594 0.042832
2 0.143604 0.792451 0.032754 0.057949
2 0.334248 0.815547 0.032754 0.057109
2 0.375820 0.813867 0.030234 0.057109
2 0.422432 0.827725 0.039473 0.051230
2 0.468623 0.827725 0.034434 0.061309
2 0.057539 0.870977 0.033594 0.040312
2 0.102051 0.879375 0.031914 0.036953
2 0.137734 0.882314 0.031055 0.041152
2 0.180977 0.881475 0.036953 0.046191
2 0.288896 0.896592 0.032754 0.049551
2 0.336348 0.912129 0.030234 0.038633
2 0.375400 0.909189 0.036113 0.049551
2 0.417813 0.921787 0.033594 0.044512
