1 0.177646 0.192285 0.030215 0.054414
1 0.312480 0.360977 0.031445 0.053203
1 0.449424 0.357207 0.038301 0.051406
1 0.368115 0.181396 0.031426 0.042324
0 0.373320 0.105332 0.032656 0.037500
0 0.504531 0.089004 0.033867 0.053203
0 0.326152 0.192402 0.030234 0.037500
0 0.320703 0.276455 0.029023 0.043535
0 0.357598 0.359277 0.032656 0.059258
0 0.401738 0.362314 0.026602 0.050801
0 0.314756 0.545098 0.022441 0.034219
0 0.415713 0.916660 0.031074 0.043672
0 0.374639 0.908262 0.039473 0.050391
0 0.459883 0.822598 0.033594 0.053750
0 0.417471 0.820498 0.031074 0.052910
0 0.290615 0.797822 0.037871 0.064668
0 0.182168 0.098721 0.030234 0.048379
0 0.067783 0.113330 0.031230 0.059473
0 0.216934 0.190928 0.031250 0.041309
0 0.211885 0.282627 0.027207 0.037285
0 0.163418 0.355498 0.031250 0.054434
0 0.125625 0.358018 0.028203 0.049395
0 0.181563 0.802949 0.035273 0.030234
0 0.028877 0.769189 0.032246 0.053418
0 0.062637 0.786318 0.025195 0.037285
0 0.060625 0.871973 0.031250 0.045352
0 0.098916 0.872988 0.029238 0.043320
1 0.416240 0.098584 0.033379 0.050801
1 0.143672 0.112822 0.026602 0.044746
1 0.209521 0.362754 0.034355 0.046367
1 0.088594 0.365781 0.032344 0.044336
1 0.313877 0.429775 0.035254 0.057441
1 0.351172 0.443369 0.035273 0.068535
1 0.393994 0.442871 0.042324 0.073555
1 0.192441 0.421201 0.024180 0.032246
1 0.158994 0.442422 0.029160 0.068828
1 0.124922 0.442939 0.032656 0.071152
1 0.304434 0.626367 0.036406 0.057383
1 0.339639 0.637773 0.032207 0.050391
1 0.387227 0.630771 0.036406 0.065801
1 0.193018 0.619229 0.028691 0.053887
1 0.151738 0.625518 0.032891 0.044082
1 0.111484 0.615020 0.033594 0.056680
1 0.330957 0.899512 0.035703 0.061602
1 0.137109 0.874316 0.032891 0.055977
2 0.331738 0.110439 0.028555 0.045332
2 0.462734 0.092383 0.041992 0.064648
2 0.222979 0.115479 0.032754 0.040293
2 0.104141 0.113799 0.030234 0.041973
2 0.062988 0.202393 0.030234 0.039473
2 0.098262 0.206172 0.025195 0.038633
2 0.134795 0.198193 0.031074 0.042832
2 0.414863 0.184756 0.033594 0.047871
2 0.454756 0.189375 0.036113 0.045352
2 0.501367 0.176357 0.036953 0.062988
2 0.361963 0.267480 0.031895 0.053750
2 0.403525 0.268320 0.036113 0.063828
2 0.448457 0.272520 0.040313 0.047031
2 0.493389 0.267061 0.034434 0.056270
2 0.174268 0.276719 0.029395 0.058789
2 0.135215 0.279238 0.031914 0.052070
2 0.095322 0.259082 0.039473 0.043672
2 0.055010 0.272520 0.032754 0.057109
2 0.046611 0.374561 0.026035 0.037793
2 0.484570 0.369521 0.023516 0.039473
2 0.045352 0.448467 0.030234 0.047871
2 0.082324 0.440498 0.030273 0.063809
2 0.440059 0.453926 0.033594 0.053750
2 0.484150 0.445107 0.041152 0.071387
2 0.347686 0.537490 0.033574 0.057949
2 0.388828 0.540010 0.031914 0.059629
2 0.432920 0.532031 0.046191 0.085664
2 0.482891 0.541270 0.038633 0.075586
2 0.152012 0.511035 0.028555 0.053750
2 0.117998 0.529512 0.031074 0.057109
2 0.077686 0.518594 0.037793 0.068867
2 0.036113 0.532451 0.030234 0.052910
2 0.040811 0.609707 0.019590 0.032891
2 0.071250 0.618457 0.027305 0.047578
2 0.424316 0.638398 0.032188 0.044102
2 0.471553 0.639795 0.035684 0.055293
2 0.295898 0.716426 0.034297 0.057383
2 0.339287 0.714326 0.038496 0.069980
2 0.382676 0.719932 0.042695 0.067168
2 0.427461 0.721680 0.041289 0.063672
2 0.472256 0.730781 0.035684 0.063672
2 0.188125 0.705586 0.032891 0.060898
2 0.150332 0.697188 0.031484 0.069297
2 0.107285 0.696836 0.032188 0.060195
2 0.068447 0.694385 0.027285 0.056699
2 0.030312 0.696494 0.033594 0.045488
2 0.106250 0.782217 0.032891 0.047598
2 0.141592 0.789219 0.029395 0.057383
2 0.332285 0.811963 0.032891 0.070684
2 0.378828 0.808467 0.033594 0.079082
2 0.024717 0.851152 0.029395 0.063672
2 0.180068 0.871445 0.029395 0.076289
2 0.290996 0.884043 0.031484 0.081875
2 0.463857 0.910986 0.035684 0.074199
