1 0.397119 0.448809 0.036270 0.060469
0 0.417979 0.904736 0.034277 0.062480
0 0.375254 0.905742 0.030234 0.045352
0 0.466445 0.812529 0.035273 0.062480
0 0.423125 0.814541 0.035273 0.056426
0 0.290098 0.802949 0.035273 0.053398
0 0.053916 0.854424 0.029395 0.051230
0 0.095488 0.869541 0.025195 0.041152
0 0.181572 0.790176 0.034434 0.053750
0 0.024521 0.768340 0.036113 0.058789
0 0.063994 0.777158 0.029395 0.044512
1 0.335518 0.098857 0.032754 0.052910
1 0.226338 0.094238 0.034434 0.052070
1 0.331611 0.180244 0.032246 0.067520
1 0.218232 0.166641 0.033262 0.040313
1 0.457080 0.190332 0.031230 0.025195
1 0.098320 0.199395 0.029219 0.035273
1 0.323545 0.267920 0.032246 0.057441
1 0.363867 0.273467 0.030234 0.046348
1 0.453047 0.264893 0.033242 0.063496
1 0.217227 0.264902 0.035273 0.049375
1 0.094785 0.275479 0.028203 0.054434
1 0.359326 0.355088 0.039316 0.068535
1 0.168867 0.353584 0.035273 0.059473
1 0.313984 0.444277 0.035273 0.065508
1 0.355293 0.445293 0.039297 0.061484
1 0.436934 0.442266 0.025195 0.059453
1 0.485293 0.449326 0.041328 0.077598
1 0.206143 0.438242 0.037285 0.075586
1 0.162812 0.434199 0.033242 0.059453
1 0.123516 0.437227 0.025195 0.061484
1 0.077148 0.443779 0.025195 0.034277
1 0.042891 0.440752 0.029219 0.034277
1 0.307422 0.532969 0.030234 0.051406
1 0.343711 0.539014 0.026211 0.047363
1 0.434404 0.542041 0.032246 0.043340
1 0.196074 0.524902 0.029219 0.061484
1 0.159287 0.533975 0.026191 0.033262
1 0.092773 0.524902 0.016133 0.025195
1 0.345225 0.626182 0.037285 0.052402
1 0.144160 0.603506 0.020156 0.033262
1 0.436934 0.624668 0.035273 0.065508
1 0.480264 0.635762 0.037285 0.051406
1 0.073125 0.605527 0.031250 0.055430
1 0.035830 0.603506 0.031230 0.043340
1 0.296348 0.715371 0.034258 0.047383
1 0.381494 0.720410 0.031230 0.051406
1 0.110400 0.701260 0.017129 0.029238
1 0.288477 0.888604 0.035273 0.048379
1 0.464736 0.908467 0.036270 0.047363
1 0.179541 0.870664 0.030215 0.044336
1 0.016279 0.839434 0.026191 0.030234
2 0.377666 0.096396 0.034277 0.063496
2 0.421006 0.092871 0.032246 0.046367
2 0.459805 0.092871 0.035273 0.044336
2 0.504648 0.088340 0.040312 0.053398
2 0.371113 0.183066 0.029219 0.053398
2 0.410420 0.178535 0.033262 0.058438
2 0.505156 0.176016 0.035273 0.063477
2 0.495078 0.273262 0.025195 0.036289
2 0.411426 0.264189 0.033242 0.056426
2 0.309648 0.358418 0.031250 0.055430
2 0.402363 0.360439 0.041328 0.057441
2 0.446699 0.360938 0.037305 0.056445
2 0.494062 0.356914 0.045352 0.064492
2 0.179121 0.101631 0.024688 0.053691
2 0.148652 0.110791 0.028008 0.046895
2 0.107363 0.083496 0.026602 0.032891
2 0.072363 0.114990 0.023789 0.045488
2 0.066416 0.189180 0.027285 0.058086
2 0.135010 0.191270 0.021699 0.038477
2 0.184688 0.203877 0.032891 0.028691
2 0.055566 0.272803 0.023789 0.057402
2 0.132559 0.264053 0.030781 0.045488
2 0.053467 0.347686 0.027988 0.061582
2 0.090918 0.360986 0.031484 0.053184
2 0.126611 0.362031 0.027285 0.056680
2 0.208135 0.344531 0.034980 0.049687
2 0.116816 0.530693 0.025898 0.034277
2 0.040176 0.519844 0.026602 0.051797
2 0.394297 0.545391 0.032188 0.048281
2 0.482832 0.543291 0.034297 0.049707
2 0.111914 0.618174 0.027305 0.032910
2 0.386953 0.635322 0.034297 0.049004
2 0.028779 0.695117 0.023184 0.033242
2 0.069590 0.686045 0.034258 0.047363
2 0.139639 0.701162 0.023184 0.041309
2 0.338164 0.714766 0.037305 0.054414
2 0.428867 0.721318 0.035273 0.067520
2 0.469180 0.730391 0.035273 0.049375
2 0.103359 0.782793 0.029219 0.045352
2 0.141143 0.789336 0.034277 0.044336
2 0.332627 0.808994 0.032246 0.055410
2 0.374951 0.807480 0.036270 0.058437
2 0.136104 0.867949 0.028223 0.054414
2 0.329590 0.895664 0.040312 0.055430
