0 0.510713 0.082871 0.039004 0.064570
0 0.487217 0.532529 0.038340 0.063926
0 0.349395 0.520801 0.032539 0.065078
0 0.474316 0.724502 0.029062 0.056934
0 0.425508 0.717529 0.031367 0.059277
2 0.370420 0.177383 0.029043 0.054141
2 0.365586 0.274258 0.029062 0.046484
2 0.457578 0.268945 0.032930 0.045508
2 0.495830 0.263613 0.031973 0.046484
2 0.319590 0.350762 0.031953 0.069727
2 0.365098 0.357549 0.033906 0.054238
2 0.314258 0.446729 0.033906 0.052285
2 0.354443 0.451094 0.030996 0.047461
2 0.485176 0.439463 0.030977 0.066816
2 0.308447 0.531465 0.030020 0.059063
2 0.444023 0.536309 0.039687 0.061016
2 0.348643 0.625400 0.038730 0.060996
2 0.438213 0.633145 0.039707 0.061016
2 0.388340 0.719326 0.036797 0.057129
2 0.296826 0.805039 0.037754 0.050352
2 0.298770 0.722236 0.028086 0.037754
2 0.424658 0.809873 0.035840 0.065840
2 0.424170 0.909131 0.036816 0.057129
1 0.339756 0.104590 0.029590 0.049766
1 0.379102 0.096855 0.031602 0.053125
1 0.417773 0.095176 0.034961 0.045742
1 0.463496 0.091475 0.030938 0.047754
1 0.332695 0.178896 0.028906 0.061191
1 0.410703 0.176885 0.027578 0.050449
1 0.460469 0.177227 0.030273 0.056484
1 0.503516 0.173184 0.036992 0.049766
1 0.324297 0.272041 0.025547 0.055137
1 0.414404 0.265645 0.033613 0.053125
1 0.409023 0.359805 0.028242 0.053125
1 0.453408 0.361816 0.033613 0.042383
1 0.498135 0.358115 0.032949 0.053809
1 0.401289 0.444873 0.036992 0.063223
1 0.445674 0.449580 0.027559 0.055137
1 0.391885 0.529268 0.032949 0.065215
1 0.388184 0.625098 0.033633 0.056484
1 0.479307 0.636191 0.032949 0.050430
1 0.341777 0.724629 0.034961 0.040352
1 0.337744 0.811709 0.034980 0.050449
1 0.381123 0.824150 0.032949 0.024199
1 0.471904 0.819785 0.039668 0.065234
1 0.287979 0.886357 0.028262 0.051777
1 0.333027 0.895439 0.030938 0.067246
1 0.381787 0.905527 0.035645 0.053789
1 0.465518 0.914941 0.032285 0.056484
1 0.232705 0.102881 0.028691 0.040605
1 0.189170 0.106240 0.027285 0.046895
1 0.147539 0.114287 0.025195 0.040605
1 0.110791 0.118486 0.028691 0.049004
1 0.224170 0.187080 0.035684 0.061582
1 0.108525 0.192051 0.027285 0.043398
1 0.147881 0.190225 0.021699 0.048301
1 0.068447 0.189521 0.026582 0.055293
1 0.134941 0.277354 0.023789 0.036387
1 0.219277 0.272969 0.023789 0.049687
1 0.059004 0.358184 0.032891 0.052500
1 0.093301 0.359932 0.024492 0.047598
1 0.130381 0.360635 0.027285 0.043379
1 0.125830 0.440762 0.027988 0.060898
1 0.084756 0.435586 0.025879 0.042695
1 0.120938 0.527900 0.030781 0.061582
1 0.115684 0.613633 0.025898 0.049687
1 0.069150 0.775645 0.027988 0.057383
1 0.110098 0.792090 0.025898 0.034297
1 0.190576 0.782988 0.028691 0.052500
1 0.026104 0.861719 0.030098 0.046172
1 0.063896 0.865215 0.030098 0.043398
1 0.105889 0.867666 0.028691 0.052480
1 0.182520 0.885508 0.025195 0.040586
2 0.143545 0.875361 0.027988 0.047598
2 0.147393 0.794180 0.032910 0.041992
2 0.030518 0.766895 0.030098 0.051797
2 0.109248 0.699707 0.029395 0.048984
1 0.148096 0.696211 0.027285 0.041992
2 0.182734 0.714746 0.028008 0.034297
2 0.076357 0.611523 0.023809 0.039180
2 0.150615 0.611670 0.022402 0.046191
1 0.040742 0.603623 0.032188 0.063691
2 0.199736 0.522861 0.030098 0.047598
2 0.081816 0.520410 0.029375 0.058086
2 0.207441 0.439473 0.031914 0.048711
2 0.163350 0.437373 0.026035 0.036113
2 0.046611 0.440732 0.027715 0.042832
2 0.165313 0.362725 0.025195 0.046191
2 0.210439 0.359580 0.037090 0.048301
2 0.172988 0.285156 0.030234 0.039297
2 0.098926 0.279609 0.025195 0.034258
2 0.060625 0.275586 0.025195 0.040312
2 0.179541 0.193945 0.027207 0.050391
0 0.071104 0.114541 0.026191 0.054434
0 0.044297 0.514326 0.027227 0.057441
0 0.158682 0.521377 0.032246 0.063496
0 0.074580 0.695703 0.026855 0.047031
0 0.037637 0.668408 0.031914 0.046191
