0 0.246807 0.920771 0.033105 0.077090
0 0.287959 0.919473 0.031777 0.070117
2 0.329766 0.926875 0.031797 0.064023
2 0.370928 0.926875 0.035723 0.076211
0 0.251543 0.228857 0.023086 0.054863
0 0.330820 0.222109 0.035273 0.054453
0 0.291621 0.301152 0.030039 0.054883
0 0.379590 0.305732 0.029180 0.060527
0 0.422275 0.293320 0.031777 0.066211
0 0.250723 0.484385 0.033984 0.068379
0 0.371143 0.480898 0.033535 0.072734
0 0.289697 0.566914 0.033535 0.063594
0 0.330420 0.571045 0.033965 0.064902
0 0.246582 0.659023 0.038750 0.067500
0 0.287959 0.659902 0.031777 0.072734
0 0.330859 0.658809 0.030469 0.070547
0 0.371582 0.746348 0.037891 0.081875
2 0.250293 0.840850 0.032227 0.057480
2 0.329121 0.839551 0.035703 0.064453
2 0.369404 0.843906 0.040488 0.055742
2 0.415352 0.836504 0.034844 0.075781
2 0.379424 0.125293 0.036152 0.078398
2 0.333916 0.140752 0.030488 0.053574
2 0.296016 0.142490 0.032227 0.063145
2 0.258994 0.143799 0.027871 0.053574
2 0.421875 0.206523 0.034844 0.067500
2 0.252900 0.312568 0.034824 0.067949
2 0.251162 0.400537 0.030488 0.056621
2 0.329775 0.397061 0.028301 0.062715
2 0.377920 0.397705 0.030449 0.057051
2 0.415781 0.388789 0.034844 0.067070
2 0.290576 0.473496 0.036152 0.055312
2 0.416875 0.478057 0.035273 0.062715
2 0.419053 0.563428 0.032676 0.062715
2 0.372881 0.576055 0.033535 0.058359
2 0.328467 0.749395 0.034395 0.079258
1 0.415566 0.939277 0.031797 0.057500
1 0.289697 0.841729 0.033535 0.059238
1 0.414912 0.755049 0.039199 0.071426
1 0.291270 0.755049 0.032148 0.054004
1 0.249199 0.755498 0.031797 0.054004
1 0.371143 0.660117 0.030059 0.067070
1 0.414922 0.663594 0.032227 0.067070
1 0.250703 0.573887 0.032266 0.067070
1 0.330645 0.489170 0.031797 0.060527
1 0.290137 0.394883 0.030938 0.066211
1 0.332822 0.305820 0.032676 0.066641
1 0.375498 0.217842 0.031777 0.067520
1 0.294687 0.227197 0.030547 0.065332
1 0.421885 0.123984 0.036582 0.072305
0 0.106895 0.651650 0.031406 0.056973
0 0.065371 0.654531 0.031875 0.067930
0 0.028535 0.736885 0.030313 0.058535
0 0.141680 0.908008 0.031875 0.074219
0 0.102217 0.905391 0.036582 0.077344
0 0.152490 0.232520 0.032285 0.060234
0 0.076709 0.250410 0.030488 0.058789
0 0.103711 0.322979 0.031953 0.053379
0 0.042383 0.329307 0.022500 0.051543
0 0.010850 0.330937 0.021699 0.046094
0 0.039209 0.481279 0.027754 0.048613
0 0.068770 0.581357 0.031367 0.057480
0 0.141650 0.651660 0.029824 0.059063
1 0.106074 0.834697 0.029766 0.054082
1 0.143125 0.750703 0.034492 0.058945
1 0.104551 0.739727 0.030117 0.055820
1 0.108936 0.398877 0.031348 0.063965
1 0.072119 0.327207 0.028301 0.057930
1 0.113643 0.239258 0.029473 0.053945
1 0.043721 0.253369 0.027598 0.049551
1 0.009961 0.185322 0.019922 0.062715
2 0.148779 0.166230 0.026738 0.049922
2 0.114209 0.168340 0.032129 0.054141
2 0.075654 0.172559 0.028613 0.056953
2 0.041084 0.177598 0.026504 0.053437
2 0.144395 0.323437 0.032070 0.062109
2 0.146416 0.411182 0.030723 0.052637
2 0.075029 0.411357 0.028340 0.052988
2 0.043135 0.412871 0.026660 0.049961
2 0.071152 0.488809 0.023945 0.047930
2 0.038076 0.575381 0.023965 0.055020
2 0.032852 0.658398 0.024297 0.051641
2 0.068623 0.734844 0.027012 0.062773
2 0.142529 0.828838 0.029707 0.060410
2 0.070303 0.814834 0.029707 0.059395
2 0.031885 0.802510 0.023535 0.043535
2 0.064229 0.907139 0.025645 0.046230
2 0.031826 0.913721 0.025645 0.043887
