0 0.345586 0.641758 0.030078 0.044102
0 0.374561 0.100293 0.029395 0.056680
0 0.501582 0.274883 0.031484 0.046250
0 0.362031 0.370566 0.028008 0.040586
0 0.401924 0.368828 0.033574 0.051094
0 0.449160 0.368477 0.034297 0.040586
0 0.493604 0.442305 0.036387 0.056680
0 0.316191 0.458047 0.032891 0.047578
0 0.167441 0.378965 0.030859 0.040586
0 0.134238 0.371621 0.027305 0.045508
0 0.094697 0.368477 0.026582 0.035000
0 0.060059 0.291484 0.025898 0.032187
0 0.190918 0.114434 0.027305 0.055977
0 0.309893 0.620059 0.035684 0.066484
0 0.195127 0.619365 0.038496 0.063691
0 0.426201 0.923789 0.029395 0.040586
0 0.145020 0.880820 0.032891 0.049687
1 0.419902 0.104277 0.032656 0.050742
1 0.463066 0.092910 0.033828 0.060664
1 0.154561 0.124111 0.020996 0.047246
1 0.109648 0.123525 0.031484 0.051895
1 0.408828 0.278955 0.025664 0.045488
1 0.140820 0.287695 0.023984 0.047812
1 0.488730 0.547520 0.038477 0.064727
1 0.443232 0.545762 0.038496 0.065898
1 0.400371 0.542559 0.032070 0.065312
1 0.317559 0.539648 0.034414 0.067656
1 0.124219 0.536396 0.029219 0.047363
1 0.086318 0.535684 0.028223 0.051406
1 0.047520 0.523594 0.031250 0.059453
1 0.435010 0.640488 0.032246 0.055430
1 0.390674 0.630410 0.032246 0.069531
1 0.117559 0.617822 0.030234 0.066504
1 0.078262 0.624365 0.030234 0.047363
1 0.302998 0.720107 0.032246 0.059473
1 0.342793 0.725146 0.035273 0.057441
1 0.386133 0.730684 0.033242 0.054414
1 0.195664 0.713047 0.031250 0.065508
1 0.156357 0.710029 0.031230 0.049395
1 0.116045 0.703984 0.027207 0.043320
1 0.296436 0.806768 0.033262 0.067520
1 0.339775 0.810811 0.033262 0.063496
1 0.435010 0.820381 0.036270 0.060449
1 0.194150 0.801738 0.032246 0.055430
1 0.149316 0.794678 0.025195 0.053418
1 0.072217 0.793174 0.032246 0.028223
2 0.338369 0.114385 0.029395 0.049551
2 0.228350 0.117324 0.036113 0.050391
2 0.507998 0.077432 0.034434 0.061309
2 0.070879 0.131602 0.025195 0.057109
2 0.067939 0.206348 0.024355 0.048711
2 0.102793 0.204248 0.030234 0.044512
2 0.138486 0.200469 0.027715 0.043672
2 0.177539 0.196270 0.036953 0.055430
2 0.219531 0.200469 0.035273 0.045352
2 0.334590 0.181572 0.033594 0.061309
2 0.374902 0.187871 0.030234 0.065508
2 0.415635 0.191650 0.032754 0.052910
2 0.457617 0.184932 0.036094 0.052910
2 0.501699 0.185352 0.031914 0.043672
2 0.099434 0.286973 0.031914 0.040312
2 0.173340 0.287393 0.028555 0.041152
2 0.214072 0.281934 0.037793 0.058789
2 0.329131 0.277734 0.034434 0.057109
2 0.365664 0.280674 0.030234 0.049551
2 0.454258 0.277734 0.027695 0.055430
2 0.324512 0.354580 0.036953 0.066348
2 0.496660 0.362139 0.041992 0.044512
2 0.206094 0.365498 0.036953 0.057949
2 0.356846 0.456182 0.032754 0.052910
2 0.400098 0.460801 0.035273 0.043672
2 0.447959 0.447363 0.035254 0.067188
2 0.087676 0.456602 0.026875 0.036953
2 0.125049 0.455342 0.019316 0.036113
2 0.160322 0.456602 0.026035 0.031914
0 0.198115 0.423008 0.015957 0.020156
0 0.047783 0.458701 0.027715 0.029395
2 0.360625 0.552764 0.031914 0.042832
2 0.040225 0.620791 0.029395 0.039473
2 0.038125 0.703936 0.031914 0.042832
2 0.076338 0.711914 0.027715 0.033594
2 0.431133 0.735850 0.035313 0.056270
2 0.481543 0.735010 0.035273 0.054590
2 0.482803 0.641787 0.037793 0.059629
2 0.033506 0.783721 0.031074 0.029395
2 0.110771 0.793379 0.036113 0.050391
2 0.387080 0.816475 0.042832 0.071387
2 0.480703 0.824453 0.047031 0.055430
2 0.030146 0.875254 0.036113 0.044492
2 0.067100 0.881963 0.029395 0.034434
2 0.109512 0.878193 0.026875 0.048691
2 0.185937 0.895400 0.030234 0.034434
2 0.297217 0.905898 0.037793 0.036953
2 0.338789 0.902959 0.036953 0.046191
2 0.384980 0.908838 0.035273 0.057949
2 0.473145 0.916816 0.038633 0.052070
