0 0.335586 0.114854 0.032891 0.046191
0 0.355664 0.454766 0.031914 0.055430
0 0.403779 0.456016 0.037793 0.053750
0 0.443672 0.460215 0.028555 0.057109
0 0.127070 0.435859 0.026875 0.040312
0 0.085498 0.450557 0.027715 0.047871
0 0.378066 0.904629 0.034258 0.059453
0 0.101943 0.870869 0.034277 0.046348
0 0.226123 0.118486 0.036387 0.060176
1 0.462529 0.102393 0.034980 0.040605
1 0.108760 0.127588 0.024512 0.037793
1 0.371904 0.190215 0.030098 0.049687
1 0.414941 0.189521 0.035000 0.060879
1 0.136055 0.208770 0.023086 0.030781
1 0.175596 0.192324 0.019590 0.051094
1 0.451328 0.284004 0.023789 0.032891
1 0.094414 0.293799 0.023789 0.030098
1 0.361055 0.368330 0.030781 0.043379
1 0.169648 0.381279 0.031484 0.028691
1 0.314863 0.449160 0.030781 0.056680
1 0.351602 0.545391 0.031484 0.057383
1 0.390439 0.544346 0.029395 0.062285
1 0.436982 0.549238 0.031504 0.059492
1 0.079717 0.532793 0.026582 0.048984
1 0.119258 0.536289 0.024492 0.058789
1 0.152158 0.541895 0.021699 0.043398
1 0.388350 0.644775 0.036387 0.036387
1 0.112959 0.623076 0.027285 0.046191
1 0.200439 0.625176 0.025879 0.050391
1 0.479678 0.642666 0.034277 0.051777
1 0.386240 0.720352 0.027988 0.062969
1 0.107354 0.711611 0.028691 0.028691
1 0.294912 0.812725 0.030098 0.047598
1 0.380996 0.815879 0.031484 0.060898
1 0.420547 0.820781 0.033594 0.044102
1 0.468828 0.824629 0.035000 0.058789
1 0.183643 0.799092 0.031504 0.045488
1 0.032480 0.774941 0.031484 0.067188
1 0.066074 0.802236 0.025898 0.027988
1 0.418789 0.900205 0.034297 0.061582
1 0.065371 0.869414 0.030078 0.047578
2 0.375986 0.110859 0.027715 0.045352
2 0.418223 0.107080 0.033242 0.055996
2 0.505059 0.092266 0.035586 0.055391
2 0.182666 0.129336 0.032207 0.026602
2 0.142773 0.126182 0.026602 0.027285
2 0.072090 0.130732 0.035000 0.044785
2 0.500391 0.199316 0.037773 0.022383
2 0.458398 0.183574 0.036406 0.059492
2 0.324727 0.196514 0.025195 0.053184
2 0.215908 0.207373 0.031504 0.037090
2 0.104629 0.205264 0.025898 0.055293
2 0.066494 0.205615 0.030801 0.051777
2 0.057051 0.286455 0.024492 0.062285
2 0.134023 0.288896 0.030078 0.039199
2 0.169365 0.289951 0.030801 0.034277
2 0.211709 0.275957 0.034277 0.056680
2 0.326475 0.284004 0.028691 0.047578
2 0.359023 0.285752 0.023789 0.039902
2 0.404521 0.278750 0.029395 0.042695
2 0.495840 0.267910 0.027305 0.058789
2 0.403467 0.369033 0.037090 0.051074
2 0.324385 0.360283 0.031504 0.058770
2 0.447207 0.360283 0.032188 0.064395
2 0.493389 0.360635 0.039199 0.059473
2 0.125635 0.369736 0.028691 0.055293
2 0.090283 0.363086 0.027988 0.051797
2 0.054590 0.363437 0.026602 0.048281
2 0.488496 0.463516 0.035000 0.042695
2 0.041650 0.530693 0.021699 0.056699
2 0.317031 0.543291 0.026602 0.037090
2 0.487100 0.548184 0.037793 0.074883
2 0.041641 0.620625 0.034297 0.048984
2 0.077686 0.617471 0.032207 0.060879
2 0.305127 0.635664 0.029395 0.051094
2 0.145918 0.601729 0.027305 0.041973
2 0.345723 0.632871 0.035000 0.058086
2 0.432158 0.634268 0.035684 0.065098
2 0.072793 0.691650 0.032187 0.062285
2 0.030098 0.700059 0.030781 0.035703
2 0.148369 0.701104 0.034980 0.069980
2 0.190713 0.713701 0.035684 0.060176
2 0.298135 0.718252 0.027988 0.060879
2 0.342930 0.717207 0.039180 0.075586
2 0.431113 0.723848 0.041992 0.074883
2 0.471348 0.740996 0.028711 0.053203
2 0.338730 0.820771 0.030781 0.046191
2 0.290791 0.898818 0.028691 0.053887
2 0.335576 0.896367 0.039902 0.065781
2 0.467500 0.907207 0.036406 0.073477
2 0.142070 0.875010 0.030781 0.053887
2 0.026602 0.866973 0.030781 0.050391
2 0.180566 0.889365 0.028008 0.039199
