1 0.385957 0.212109 0.042227 0.053359
1 0.260293 0.304355 0.029727 0.065547
1 0.300488 0.298496 0.028945 0.066328
1 0.342236 0.299668 0.040645 0.073359
1 0.385156 0.302783 0.031289 0.054629
1 0.382812 0.387852 0.028164 0.067109
1 0.254063 0.479922 0.032852 0.057734
1 0.337168 0.470957 0.028945 0.074141
1 0.425332 0.474072 0.033633 0.072559
1 0.291504 0.573955 0.031289 0.053848
1 0.332090 0.561865 0.031289 0.054629
1 0.426895 0.551719 0.030508 0.059297
1 0.376563 0.657461 0.037539 0.071016
1 0.423779 0.661348 0.046113 0.069453
1 0.325840 0.849033 0.031289 0.046816
1 0.368770 0.842783 0.035977 0.062441
1 0.059746 0.806074 0.028164 0.043750
1 0.023848 0.819375 0.034414 0.046836
1 0.021113 0.650430 0.033633 0.055391
1 0.101123 0.549014 0.023535 0.032051
1 0.061699 0.561855 0.033633 0.071797
1 0.144023 0.485000 0.034414 0.056953
1 0.076523 0.473682 0.028945 0.064004
1 0.030098 0.393701 0.026602 0.063223
1 0.148711 0.310195 0.034414 0.063203
1 0.104229 0.312930 0.032871 0.062422
1 0.069502 0.314492 0.025840 0.060859
1 0.033223 0.324248 0.028164 0.041348
1 0.038291 0.232949 0.032090 0.060078
2 0.266152 0.138135 0.028945 0.060879
2 0.307500 0.129551 0.033633 0.067109
2 0.263027 0.225146 0.028945 0.041348
2 0.301660 0.218516 0.034414 0.062422
2 0.438213 0.202119 0.026621 0.059316
2 0.155684 0.144766 0.034336 0.056953
2 0.120225 0.142041 0.030527 0.056191
2 0.150664 0.232939 0.030508 0.052285
2 0.113594 0.232168 0.031289 0.055391
2 0.256396 0.386680 0.031309 0.071016
2 0.341064 0.401895 0.028965 0.024961
2 0.435488 0.375742 0.038320 0.069453
2 0.147539 0.387451 0.033633 0.075684
2 0.069111 0.401504 0.028184 0.044492
2 0.384766 0.482656 0.038320 0.063203
2 0.028145 0.484219 0.028945 0.063203
2 0.380469 0.566152 0.034414 0.071016
2 0.330918 0.657070 0.033633 0.067109
2 0.244297 0.741338 0.027383 0.073340
2 0.286396 0.747187 0.032168 0.069453
2 0.375000 0.757725 0.032852 0.049941
2 0.412461 0.757725 0.035977 0.060879
2 0.287607 0.829512 0.029746 0.065547
2 0.134668 0.745635 0.028164 0.042910
2 0.092910 0.731191 0.035195 0.065547
2 0.024238 0.721826 0.025820 0.053066
2 0.097207 0.816641 0.032852 0.067891
2 0.244688 0.926670 0.039102 0.074121
2 0.327012 0.937207 0.033633 0.062422
2 0.369551 0.933691 0.039102 0.067891
2 0.415977 0.934863 0.035195 0.056172
2 0.133496 0.915752 0.032070 0.060098
0 0.347305 0.131895 0.030508 0.057734
0 0.395293 0.106523 0.037539 0.071016
0 0.438613 0.112773 0.036758 0.075703
0 0.344180 0.212656 0.027383 0.055391
0 0.428848 0.300449 0.028164 0.042148
0 0.293066 0.390576 0.035977 0.072559
0 0.294238 0.478369 0.027383 0.057754
0 0.250547 0.555615 0.032070 0.057754
0 0.293066 0.658232 0.028164 0.055410
0 0.243516 0.658633 0.032070 0.065547
0 0.330527 0.742510 0.037539 0.063223
0 0.284883 0.931357 0.027383 0.075684
0 0.240791 0.823281 0.028184 0.068672
0 0.419102 0.845518 0.032070 0.080371
0 0.136221 0.827178 0.025059 0.056191
2 0.063262 0.649268 0.030508 0.053066
0 0.110859 0.389795 0.027383 0.063223
0 0.112031 0.475244 0.025039 0.049941
0 0.078477 0.151787 0.028164 0.049160
