1 0.310703 0.127803 0.033164 0.061074
1 0.351992 0.129736 0.035117 0.050723
1 0.391670 0.126152 0.036426 0.051367
1 0.349795 0.207959 0.035762 0.063066
1 0.393652 0.186504 0.033867 0.050078
1 0.439180 0.195928 0.032578 0.059824
1 0.260020 0.309082 0.033242 0.052031
1 0.346182 0.289248 0.039082 0.073496
1 0.390400 0.296084 0.037793 0.072832
1 0.432021 0.299971 0.033887 0.050723
1 0.298711 0.389395 0.032578 0.069570
1 0.385195 0.386133 0.037773 0.068281
1 0.432666 0.376387 0.039082 0.069570
1 0.385518 0.483691 0.037129 0.055273
1 0.292207 0.564971 0.037773 0.061777
1 0.335781 0.572441 0.036484 0.061133
1 0.379668 0.566914 0.034531 0.064375
1 0.251016 0.652598 0.037539 0.067422
1 0.290811 0.660088 0.034746 0.059941
1 0.374199 0.752324 0.036523 0.057109
1 0.422852 0.751387 0.040352 0.068359
1 0.284687 0.834258 0.035781 0.071172
1 0.418174 0.839883 0.034746 0.059922
1 0.323584 0.943350 0.034746 0.053379
1 0.419570 0.939141 0.041289 0.071172
2 0.437832 0.110410 0.040352 0.069297
2 0.266992 0.213418 0.035586 0.065547
2 0.304395 0.211074 0.033789 0.066484
2 0.258086 0.392275 0.034648 0.059941
2 0.340488 0.389473 0.036523 0.065547
2 0.293623 0.484512 0.038496 0.060859
2 0.337168 0.480303 0.041289 0.050566
2 0.427109 0.475156 0.031836 0.064609
2 0.426641 0.561299 0.036523 0.070215
2 0.331104 0.665244 0.030957 0.049629
2 0.422852 0.654941 0.042227 0.068359
2 0.241230 0.830518 0.032773 0.078652
2 0.325928 0.838477 0.037559 0.064609
2 0.371855 0.834268 0.031836 0.086152
2 0.240293 0.921816 0.030898 0.079609
2 0.370459 0.939609 0.036504 0.077734
0 0.280098 0.929307 0.035586 0.073965
0 0.089941 0.917158 0.035234 0.050137
0 0.131943 0.739004 0.027090 0.060508
0 0.097168 0.743975 0.035234 0.054199
0 0.059463 0.731563 0.032051 0.056445
0 0.244385 0.748047 0.028887 0.058711
0 0.286377 0.753457 0.032520 0.053281
0 0.334707 0.750068 0.038828 0.068184
0 0.377148 0.659531 0.038828 0.065039
0 0.021230 0.650654 0.031602 0.046973
0 0.256582 0.564023 0.028008 0.069102
0 0.254092 0.476641 0.032051 0.065039
0 0.143232 0.468965 0.034316 0.065039
0 0.114785 0.308643 0.037930 0.061426
0 0.302412 0.295547 0.035684 0.074062
0 0.158809 0.144717 0.033867 0.057793
0 0.270127 0.130947 0.034316 0.062754
1 0.121104 0.153975 0.034316 0.042012
1 0.082041 0.136143 0.032051 0.062324
1 0.045459 0.161123 0.028535 0.036699
2 0.158896 0.215488 0.031621 0.066836
2 0.118027 0.226094 0.033867 0.058242
1 0.076943 0.226094 0.030254 0.070898
1 0.044248 0.225469 0.027129 0.045898
1 0.150752 0.314092 0.027871 0.050801
1 0.076621 0.307695 0.030898 0.063594
1 0.037852 0.304688 0.028633 0.051562
2 0.152451 0.379766 0.031270 0.066992
2 0.071348 0.398389 0.031641 0.059082
1 0.106719 0.388613 0.031641 0.074883
1 0.030322 0.399326 0.032402 0.060215
2 0.102393 0.459355 0.029004 0.048555
2 0.069463 0.481563 0.026387 0.047031
1 0.097500 0.545537 0.021484 0.034238
1 0.057793 0.547422 0.025625 0.046289
1 0.093379 0.652607 0.015430 0.021074
2 0.070410 0.642061 0.021484 0.038379
1 0.022617 0.715264 0.026016 0.044785
2 0.136270 0.813857 0.032031 0.068105
2 0.056484 0.817236 0.026016 0.056074
2 0.016973 0.813281 0.023750 0.056445
1 0.096748 0.817813 0.029004 0.064727
2 0.132881 0.901348 0.030527 0.068477
