2 0.181318 0.127422 0.029395 0.046523
2 0.216328 0.121338 0.029414 0.046504
2 0.212266 0.199258 0.029414 0.056953
2 0.299873 0.198516 0.029395 0.052500
2 0.170713 0.375791 0.030762 0.066387
2 0.210000 0.374219 0.036172 0.061406
2 0.251699 0.364131 0.036172 0.083848
2 0.338682 0.462764 0.037129 0.047793
2 0.330576 0.551689 0.031660 0.055098
2 0.165508 0.639756 0.033008 0.056895
2 0.328535 0.639941 0.033008 0.061914
2 0.162354 0.807959 0.033027 0.067285
2 0.203232 0.808916 0.032559 0.058340
2 0.280225 0.823994 0.029395 0.064121
2 0.330811 0.834863 0.032129 0.041602
2 0.242061 0.905283 0.031660 0.070449
2 0.162881 0.891738 0.030762 0.058711
2 0.247246 0.723750 0.033008 0.065937
2 0.202773 0.732324 0.028945 0.054180
2 0.162803 0.720811 0.027598 0.064590
2 0.167256 0.468281 0.028223 0.058711
2 0.206357 0.461494 0.034160 0.066230
2 0.287861 0.461689 0.034629 0.056816
1 0.280908 0.908008 0.025957 0.072617
1 0.199805 0.899355 0.033125 0.068125
1 0.243838 0.811855 0.032363 0.061719
1 0.285986 0.730762 0.031621 0.065117
1 0.203379 0.637803 0.037266 0.064355
1 0.248730 0.633857 0.034609 0.067754
1 0.247793 0.543916 0.032734 0.065488
1 0.203193 0.549570 0.030840 0.064727
1 0.304697 0.110869 0.037129 0.065684
1 0.179219 0.200898 0.031172 0.065469
1 0.257500 0.288105 0.037969 0.055547
1 0.294980 0.284707 0.027148 0.052383
1 0.248477 0.461279 0.036172 0.068652
0 0.169219 0.552500 0.029414 0.065937
0 0.286855 0.546631 0.031641 0.070449
0 0.258457 0.123154 0.037461 0.055254
0 0.341260 0.092793 0.029277 0.073711
0 0.257812 0.201172 0.033594 0.059609
0 0.341533 0.191416 0.036309 0.070449
0 0.338271 0.272168 0.031973 0.065039
0 0.215537 0.289238 0.031426 0.057969
0 0.170557 0.290596 0.032520 0.062871
0 0.295469 0.367549 0.033047 0.053105
0 0.335537 0.371064 0.035176 0.064473
0 0.287070 0.642012 0.030352 0.064492
0 0.330693 0.737393 0.037402 0.050410
0 0.325547 0.908369 0.040117 0.078027
2 0.045967 0.884814 0.030762 0.058691
2 0.054434 0.803740 0.030742 0.051504
2 0.017744 0.801709 0.030762 0.058691
2 0.053799 0.717031 0.027598 0.064570
2 0.018369 0.717012 0.027598 0.050820
2 0.056934 0.637090 0.033008 0.050039
1 0.019316 0.639258 0.033008 0.046875
2 0.065098 0.390576 0.030742 0.044434
0 0.063525 0.305078 0.032520 0.051953
2 0.074189 0.131221 0.029395 0.046504
